0,1,0,2,3,3,0,0,0,1,0,1,0,0,1,0,1,1,0,0,1,0,0,0,0,0,0,0,0,0,0,0,0,PlayPad
2,2,0,1,4,2,0,0,0,0,0,1,0,0,1,0,0,1,0,0,0,0,0,0,0,0,0,0,0,0,0,0,1,PlayPad
3,2,0,1,4,2,1,0,0,0,0,0,0,0,0,0,0,0,0,0,0,0,0,0,0,0,0,0,1,0,0,0,1,PlayPad
4,3,0,1,2,2,1,0,0,0,0,0,0,0,1,0,0,0,0,0,0,0,0,0,0,0,0,0,1,0,0,0,0,PlayPad
3,2,2,0,3,2,0,0,1,0,0,0,0,1,1,0,0,0,0,0,0,0,0,0,0,0,0,0,0,0,0,0,0,PlayPad
0,1,2,1,2,2,0,1,3,0,0,0,0,1,2,0,0,0,0,0,0,0,0,0,0,0,0,0,0,0,0,0,0,PlayPad
0,0,4,1,2,2,0,1,2,0,0,0,0,0,3,0,0,0,0,0,0,0,0,0,0,0,0,0,0,0,0,0,0,PlayPad
1,0,4,0,3,3,0,0,0,0,1,0,0,1,2,0,0,0,0,0,0,0,0,0,0,0,0,0,0,0,0,0,0,PlayPad
2,0,3,0,3,4,0,0,0,0,1,0,0,1,1,0,0,0,0,0,0,0,0,0,0,0,0,0,0,0,0,0,0,PlayPad
1,1,2,1,3,4,0,0,2,0,0,0,1,0,0,0,0,0,0,0,0,0,0,0,0,0,0,0,0,0,0,0,0,PlayPad
0,3,1,1,1,3,1,0,2,0,0,0,1,1,0,0,0,0,0,0,1,0,0,0,0,0,0,0,0,0,0,0,0,PlayPad
0,3,1,1,0,3,1,0,3,0,1,0,0,1,0,0,0,0,0,0,1,0,0,0,0,0,0,0,0,0,0,0,0,PlayPad
0,2,1,0,0,3,0,0,4,0,1,1,0,2,0,0,0,1,0,0,0,0,0,0,0,0,0,0,0,0,0,0,0,PlayPad
1,2,1,0,1,2,0,0,4,0,0,2,0,1,0,0,0,1,0,0,0,0,0,0,0,0,0,0,0,0,0,0,0,PlayPad
3,3,0,1,2,2,0,0,2,0,0,1,0,1,0,0,0,0,0,0,0,0,0,0,0,0,0,0,0,0,0,0,0,PlayPad
2,2,0,1,1,2,0,1,3,0,1,1,0,0,1,0,0,0,0,0,0,0,0,0,0,0,0,0,0,0,0,0,0,PlayPad
0,0,0,1,0,3,0,2,3,0,1,1,1,0,1,0,0,0,0,0,2,0,0,0,0,0,0,0,0,0,0,0,0,PlayPad
0,2,1,0,0,3,0,1,4,0,1,0,1,0,0,0,0,0,0,0,2,0,0,0,0,0,0,0,0,0,0,0,0,PlayPad
1,3,2,0,1,3,0,1,3,0,1,0,0,0,0,0,0,0,0,0,0,0,0,0,0,0,0,0,0,0,0,0,0,PlayPad
1,2,1,0,1,2,1,1,2,0,0,2,0,0,2,0,0,0,0,0,0,0,0,0,0,0,0,0,0,0,0,0,0,PlayPad
0,1,2,0,0,1,1,0,2,0,0,6,0,0,2,0,0,0,0,0,0,0,0,0,0,0,0,0,0,0,0,0,0,PlayPad
0,0,2,0,0,1,2,0,2,0,0,7,0,0,1,0,0,0,0,0,0,0,0,0,0,0,0,0,0,0,0,0,0,PlayPad
0,0,1,0,0,0,2,0,4,0,0,6,0,1,0,0,0,0,0,0,0,0,0,0,0,0,0,0,1,0,0,0,0,PlayPad
0,0,0,0,0,0,3,0,3,0,0,4,1,2,0,0,0,0,0,0,0,0,0,1,0,0,0,0,1,0,0,0,0,PlayPad
1,1,1,0,1,0,2,0,1,0,0,3,2,1,0,0,1,0,0,0,0,0,0,1,0,0,0,0,0,0,0,0,0,PlayPad
1,2,1,0,1,0,0,2,2,0,0,0,4,1,0,0,1,0,0,0,0,0,0,0,0,0,0,0,0,0,0,0,0,PlayPad
0,1,1,0,1,1,0,2,3,0,0,1,3,1,0,0,0,0,0,1,0,0,0,0,0,0,0,0,0,0,0,0,0,PlayPad
0,1,1,0,0,3,0,2,3,0,0,1,2,0,0,0,0,0,0,1,0,0,0,1,0,0,0,0,0,0,0,0,0,PlayPad
0,2,0,1,0,3,0,2,0,1,0,0,2,1,0,0,0,0,0,0,0,0,0,1,1,0,0,0,0,1,0,0,0,PlayPad
0,1,0,1,0,0,0,0,2,1,0,3,2,2,0,0,0,0,0,0,0,0,0,0,2,0,0,0,0,1,0,0,0,PlayPad
0,0,0,0,0,1,0,0,2,1,3,3,0,2,0,0,0,0,0,0,0,0,0,0,3,0,0,0,0,0,0,0,0,PlayPad
0,0,0,0,0,1,0,0,0,1,3,0,0,0,1,0,0,0,0,0,1,0,0,1,3,0,1,0,1,2,0,0,0,PlayPad
1,0,0,0,1,0,0,0,0,0,1,0,0,1,1,1,0,0,0,0,3,0,0,1,0,0,1,0,2,2,0,0,0,Exercise
1,0,0,0,1,0,0,1,0,0,0,0,2,2,0,1,0,0,0,0,2,0,0,0,1,0,0,0,2,1,0,1,0,Exercise
0,0,0,0,0,0,0,1,1,1,0,0,4,3,0,0,0,0,0,0,0,0,0,0,1,0,0,0,1,0,0,3,0,Exercise
0,0,0,0,0,0,0,0,1,1,0,0,4,3,0,0,0,1,0,0,0,0,0,0,1,0,0,0,0,0,0,4,0,Exercise
0,1,0,0,0,0,0,0,0,3,0,0,5,2,0,1,0,1,0,0,0,0,0,0,0,0,0,0,0,0,0,2,0,Exercise
0,1,0,0,0,0,0,1,0,2,1,0,3,1,0,2,0,1,0,0,0,0,0,0,0,0,0,0,0,0,0,3,0,Exercise
0,0,0,0,0,0,0,1,0,1,1,0,1,2,0,3,0,2,0,0,0,0,0,0,0,0,0,0,0,0,0,4,0,Exercise
0,0,0,0,0,0,0,0,0,1,0,0,3,2,0,3,0,2,0,0,0,0,0,0,0,0,0,0,0,0,0,4,0,Exercise
0,0,0,0,0,0,0,0,0,0,1,0,4,3,0,3,0,1,0,0,0,0,0,0,0,0,0,0,0,0,0,3,0,Exercise
0,0,0,0,0,0,0,0,1,1,1,0,2,5,0,2,0,0,0,0,0,0,0,0,1,0,0,0,0,0,0,2,0,Exercise
0,0,1,0,0,0,0,0,1,1,0,2,1,4,1,1,0,0,0,0,0,0,0,0,2,0,0,0,0,0,0,1,0,Exercise
0,0,2,0,0,0,0,1,0,0,0,2,2,3,1,0,0,0,0,0,0,0,0,0,2,0,0,0,1,0,0,1,0,Exercise
0,0,1,0,0,0,0,1,1,1,0,1,3,2,0,0,0,1,0,0,0,0,0,0,0,0,0,0,2,0,0,2,0,Exercise
0,0,0,0,0,0,0,0,1,2,0,0,4,2,0,1,0,2,0,0,0,0,0,0,0,0,0,0,1,0,0,2,0,Exercise
0,0,0,0,0,0,0,0,0,3,0,0,4,3,0,1,0,1,0,0,0,0,0,0,0,0,0,0,0,0,0,3,0,Exercise
0,0,0,0,0,0,0,0,1,3,0,0,4,2,0,1,0,1,0,0,0,0,0,0,0,0,0,0,1,0,0,2,0,Exercise
0,0,0,0,0,0,0,0,1,1,0,0,7,0,0,0,0,2,0,0,0,0,0,0,0,0,0,0,1,0,0,3,0,Exercise
0,0,0,0,0,0,0,0,1,1,0,0,4,3,0,1,0,1,0,0,0,0,0,0,0,0,0,0,1,0,0,3,0,Exercise
0,0,0,0,0,0,0,0,1,3,0,0,0,6,0,2,0,0,0,0,0,0,0,0,0,0,0,0,0,0,0,3,0,Exercise
0,0,0,0,0,0,0,0,1,4,0,0,1,4,0,1,0,1,0,0,0,0,0,0,0,0,0,0,1,0,0,2,0,Exercise
0,0,0,0,0,0,0,1,2,2,0,0,1,4,1,0,0,1,0,0,0,0,0,0,0,0,0,0,1,0,0,2,0,Exercise
0,0,0,0,0,0,0,1,2,2,0,0,2,3,1,0,0,2,0,0,0,0,0,0,0,0,0,0,0,0,0,2,0,Exercise
0,0,1,0,0,0,0,1,1,2,0,0,4,0,0,1,0,4,0,0,0,0,0,0,0,0,0,0,0,0,0,1,0,Exercise
0,0,1,0,0,0,0,0,0,3,0,0,4,3,0,1,0,2,0,0,0,0,0,0,0,0,0,0,0,0,0,1,0,Exercise
0,0,0,0,0,0,0,0,0,2,1,0,2,5,1,1,0,1,0,0,0,0,0,0,0,0,0,0,0,0,0,2,0,Exercise
0,0,0,0,0,0,0,0,0,2,1,0,0,3,3,2,0,1,0,1,0,0,0,0,0,0,0,0,0,0,0,2,0,Exercise
0,0,0,0,0,0,0,0,0,1,1,0,0,1,2,1,2,0,0,3,0,0,0,0,0,3,0,0,0,0,0,1,0,Sweep
0,0,0,0,0,0,0,0,0,0,0,0,0,0,0,0,5,0,0,3,0,0,0,0,0,6,0,0,0,1,0,0,0,Sweep
0,0,0,0,0,0,0,0,0,0,0,0,0,0,0,0,5,0,0,2,0,0,0,1,0,5,0,0,0,2,0,0,0,Sweep
0,0,0,0,0,0,0,0,0,0,0,1,0,0,0,0,6,0,0,3,0,0,0,2,0,2,0,0,0,1,0,0,0,Sweep
0,0,0,0,0,0,0,0,0,0,0,1,0,0,0,0,6,0,0,2,0,0,0,3,0,2,0,1,0,0,0,0,0,Sweep
0,0,0,0,0,0,0,0,0,0,0,0,0,0,0,0,6,0,0,0,0,0,0,7,0,1,0,1,0,0,0,0,0,Sweep
0,0,0,0,0,0,0,0,0,0,0,0,0,0,0,0,5,0,0,0,0,0,0,9,0,0,0,0,0,1,0,0,0,Sweep
0,0,0,0,0,0,0,0,0,0,0,0,0,0,0,0,3,0,0,0,0,0,0,10,0,0,0,0,0,2,0,0,0,Sweep
0,0,0,0,0,0,0,0,0,0,0,0,0,0,0,0,1,0,0,0,0,0,0,12,0,0,0,0,0,2,0,0,0,Sweep
0,0,0,0,0,0,0,0,0,0,0,0,0,0,0,0,2,0,0,0,0,0,0,12,0,0,0,0,0,1,0,0,0,Sweep
0,0,0,0,0,0,0,0,0,0,0,0,0,0,0,0,2,0,0,0,0,0,0,12,0,0,0,0,0,1,0,0,0,Sweep
0,0,0,0,0,0,0,0,0,0,0,0,0,0,0,0,1,0,0,0,0,0,0,14,0,0,0,0,0,0,0,0,0,Sweep
0,0,0,0,0,0,0,0,0,0,0,0,0,0,0,0,1,0,0,0,0,0,0,12,0,0,0,0,0,2,0,0,0,Sweep
0,0,0,0,0,0,0,0,0,0,0,0,0,0,0,0,2,0,0,0,0,0,0,6,0,0,0,0,0,7,0,0,0,Sweep
0,0,0,0,0,0,0,0,0,0,0,0,0,0,0,0,1,0,0,0,0,0,0,3,0,0,0,0,0,11,0,0,0,Sweep
0,0,0,0,0,0,0,0,0,0,0,0,0,0,0,0,0,0,0,0,0,0,0,5,0,0,0,0,0,10,0,0,0,Sweep
0,0,0,0,0,0,0,0,0,0,0,0,0,0,0,0,0,0,0,0,0,0,0,5,0,0,0,0,0,10,0,0,0,Sweep
0,0,0,0,0,0,0,0,0,0,0,0,0,0,0,0,0,0,0,0,0,0,0,6,0,3,0,0,0,6,0,0,0,Sweep
0,0,0,0,0,0,0,0,0,0,0,0,0,0,0,0,0,0,0,0,0,0,0,8,0,3,0,0,0,4,0,0,0,Sweep
0,0,0,0,0,0,0,0,0,0,0,0,0,0,0,0,2,0,0,0,0,0,0,11,0,0,0,0,0,2,0,0,0,Sweep
0,0,0,0,0,0,0,0,0,0,0,0,0,0,0,0,3,0,0,0,0,0,0,11,0,0,0,0,0,1,0,0,0,Sweep
0,0,0,0,0,0,0,0,0,0,0,0,0,0,0,0,3,0,0,0,0,0,0,8,0,0,0,0,0,4,0,0,0,Sweep
0,0,0,0,0,0,0,0,0,0,0,0,0,0,0,0,1,0,0,0,0,0,0,8,0,0,0,0,0,6,0,0,0,Sweep
0,0,0,0,0,0,0,0,0,0,0,0,0,0,0,0,2,0,0,0,0,0,0,8,0,1,0,0,0,4,0,0,0,Sweep
0,0,0,0,0,0,0,0,0,0,0,0,0,0,0,0,3,0,0,0,0,0,0,7,0,1,0,0,0,4,0,0,0,Sweep
0,0,0,0,0,0,0,0,0,0,0,0,0,0,0,0,2,0,0,0,0,0,0,11,0,0,0,0,0,2,0,0,0,Sweep
0,0,0,0,0,0,0,0,0,0,0,0,0,0,0,0,1,0,0,0,0,0,0,10,0,0,0,0,0,4,0,0,0,Sweep
0,0,0,0,0,0,0,0,0,0,0,0,0,0,0,0,0,0,0,0,0,0,0,10,0,0,0,0,0,5,0,0,0,Sweep
0,0,0,0,0,0,0,0,0,0,0,0,0,0,0,0,0,0,0,0,0,0,0,12,0,0,0,0,0,3,0,0,0,Sweep
0,0,0,0,0,0,0,0,0,0,0,0,0,0,0,0,0,0,0,0,0,0,0,12,0,0,0,0,0,3,0,0,0,Sweep
0,0,0,0,0,0,0,0,0,0,0,0,0,0,0,0,0,0,0,0,0,0,0,13,0,0,0,0,0,2,0,0,0,Sweep
0,0,0,0,0,0,0,0,0,0,0,0,0,0,0,0,0,0,0,0,0,0,0,12,0,0,0,0,0,3,0,0,0,Sweep
0,0,0,0,0,0,0,0,0,0,0,0,0,0,0,0,0,0,0,0,0,0,0,5,0,2,0,0,0,8,0,0,0,Sweep
0,0,0,0,0,0,0,0,0,0,0,0,0,0,0,0,2,0,0,0,0,0,0,2,0,2,0,0,0,9,0,0,0,Sweep
0,0,0,0,0,0,0,0,0,0,0,0,0,0,0,0,2,0,0,0,0,0,0,8,0,1,0,0,0,4,0,0,0,Sweep
0,0,0,0,0,0,0,0,0,0,0,0,0,0,0,0,0,0,0,0,0,0,0,12,0,0,0,0,0,3,0,0,0,Sweep
0,0,0,0,0,0,0,0,0,0,0,0,0,0,0,0,0,0,0,0,0,0,0,13,0,0,0,0,0,2,0,0,0,Sweep
0,0,0,0,0,0,0,0,0,0,0,0,0,0,0,0,1,0,0,0,0,0,0,14,0,0,0,0,0,0,0,0,0,Sweep
0,0,0,0,0,0,0,0,0,0,0,0,0,0,0,0,1,0,0,0,0,0,0,14,0,0,0,0,0,0,0,0,0,Sweep
0,0,0,0,0,0,0,0,0,0,0,0,0,0,0,0,0,0,0,0,0,0,0,13,0,0,0,0,0,2,0,0,0,Sweep
0,0,0,0,0,0,0,0,0,0,0,0,0,0,0,0,1,0,0,0,0,0,0,10,0,0,0,0,0,4,0,0,0,Sweep
0,0,0,0,0,0,0,0,0,0,0,1,0,0,0,0,1,0,0,0,0,0,0,5,4,0,0,0,0,4,0,0,0,Sweep
0,0,0,0,0,0,0,0,0,0,0,5,0,0,0,0,1,0,0,0,0,0,0,1,6,0,0,1,0,1,0,0,0,Walk
0,0,0,0,0,0,0,0,0,0,0,7,1,0,1,0,0,0,0,0,0,0,0,0,5,0,0,1,0,0,0,0,0,Walk
0,0,0,0,0,0,0,0,0,0,0,3,1,0,1,0,0,0,0,0,0,0,0,0,9,0,0,1,0,0,0,0,0,Walk
0,0,0,0,0,0,0,0,0,0,0,1,0,0,0,0,0,0,0,0,0,0,0,0,14,0,0,0,0,0,0,0,0,Walk
0,0,0,0,0,0,0,0,0,0,0,0,0,0,0,0,0,0,0,0,0,0,0,0,15,0,0,0,0,0,0,0,0,Walk
0,0,0,0,0,0,0,0,0,0,0,1,0,0,0,0,0,0,0,0,0,0,0,0,14,0,0,0,0,0,0,0,0,Walk
0,0,0,0,0,0,0,0,0,0,0,1,0,0,0,0,0,0,0,0,0,0,0,0,14,0,0,0,0,0,0,0,0,Walk
0,0,0,0,0,0,0,0,0,0,0,1,0,0,0,0,0,0,0,0,0,0,0,0,14,0,0,0,0,0,0,0,0,Walk
0,0,0,0,0,0,0,0,0,0,0,0,0,0,0,0,0,0,0,0,0,0,0,0,15,0,0,0,0,0,0,0,0,Walk
0,0,0,0,0,0,0,0,0,0,0,0,0,0,0,0,0,0,0,0,0,0,0,0,15,0,0,0,0,0,0,0,0,Walk
0,0,0,0,0,0,0,0,0,0,0,0,0,0,0,0,0,0,0,0,0,0,0,0,15,0,0,0,0,0,0,0,0,Walk
0,0,0,0,0,0,0,0,0,0,0,0,0,0,0,0,0,0,0,0,0,0,0,0,15,0,0,0,0,0,0,0,0,Walk
0,0,0,0,0,0,0,0,0,0,0,0,0,0,0,0,0,0,0,0,0,0,0,0,15,0,0,0,0,0,0,0,0,Walk
0,0,0,0,0,0,0,0,0,0,0,0,0,0,0,0,0,0,0,0,0,0,0,0,15,0,0,0,0,0,0,0,0,Walk
0,0,0,0,0,0,0,0,0,0,0,0,0,0,0,0,0,0,0,0,0,0,0,0,15,0,0,0,0,0,0,0,0,Walk
0,0,0,0,0,0,0,0,0,0,0,0,0,0,0,0,0,0,0,0,0,0,0,0,15,0,0,0,0,0,0,0,0,Walk
0,0,0,0,0,0,0,0,0,0,0,0,0,0,0,0,0,0,0,0,0,0,0,0,15,0,0,0,0,0,0,0,0,Walk
0,0,0,0,0,0,0,0,0,0,0,1,0,0,0,0,0,0,0,0,0,0,0,0,14,0,0,0,0,0,0,0,0,Walk
0,0,0,0,0,0,0,0,0,0,0,1,0,0,0,0,0,1,0,0,0,0,0,0,13,0,0,0,0,0,0,0,0,Walk
0,0,0,0,0,0,0,0,0,0,0,0,0,0,0,0,0,1,0,0,0,0,0,0,14,0,0,0,0,0,0,0,0,Walk
0,0,0,0,0,0,0,0,0,0,0,1,0,0,0,0,0,0,0,0,0,0,0,0,14,0,0,0,0,0,0,0,0,Walk
0,0,0,0,0,0,0,0,0,0,0,1,0,0,0,0,0,0,0,0,0,0,0,0,14,0,0,0,0,0,0,0,0,Walk
0,0,0,0,0,0,0,0,0,0,0,0,0,0,0,0,0,1,0,0,0,0,0,0,14,0,0,0,0,0,0,0,0,Walk
0,0,0,0,0,0,0,0,0,0,0,0,0,0,0,0,0,1,0,0,0,0,0,0,14,0,0,0,0,0,0,0,0,Walk
0,0,0,0,0,0,0,0,0,0,0,0,0,0,0,0,0,0,0,0,0,0,0,0,15,0,0,0,0,0,0,0,0,Walk
0,0,0,0,0,0,0,0,0,0,0,0,0,0,0,0,0,1,0,0,0,0,0,0,14,0,0,0,0,0,0,0,0,Walk
0,0,0,0,0,0,0,0,0,0,0,0,0,0,0,0,0,1,0,0,0,0,0,0,14,0,0,0,0,0,0,0,0,Walk
0,0,0,0,0,0,0,0,0,0,0,0,0,0,0,0,0,0,0,0,0,0,0,0,15,0,0,0,0,0,0,0,0,Walk
0,0,0,0,0,0,0,0,0,0,0,0,0,0,0,0,0,0,0,0,0,0,0,0,15,0,0,0,0,0,0,0,0,Walk
0,0,0,0,0,0,0,0,0,0,0,0,0,0,0,0,0,0,0,0,0,0,0,0,15,0,0,0,0,0,0,0,0,Walk
0,0,0,0,0,0,0,0,0,0,0,1,0,0,0,0,0,0,0,0,0,0,0,0,14,0,0,0,0,0,0,0,0,Walk
0,0,0,0,0,0,0,0,0,0,0,1,0,0,0,0,0,0,0,0,0,0,0,0,14,0,0,0,0,0,0,0,0,Walk
0,0,0,0,0,0,0,0,0,0,0,0,0,0,0,0,0,0,0,0,0,0,0,0,15,0,0,0,0,0,0,0,0,Walk
0,0,0,0,0,0,0,0,0,0,0,4,0,0,0,0,0,0,0,0,0,0,0,0,11,0,0,0,0,0,0,0,0,Walk
0,0,0,0,0,0,0,0,0,0,0,4,0,0,0,0,0,0,0,0,0,0,0,0,11,0,0,0,0,0,0,0,0,Walk
0,0,0,0,0,0,0,0,0,0,0,1,0,0,0,0,0,0,0,0,0,0,0,0,14,0,0,0,0,0,0,0,0,Walk
0,0,0,0,0,0,0,0,0,0,0,0,0,0,0,0,0,0,0,0,0,0,0,0,15,0,0,0,0,0,0,0,0,Walk
0,0,0,0,0,0,0,0,0,0,0,0,0,0,0,0,0,0,0,0,0,0,0,0,15,0,0,0,0,0,0,0,0,Walk
0,0,0,0,0,0,0,0,0,0,0,0,0,0,0,0,0,0,0,0,0,0,0,0,15,0,0,0,0,0,0,0,0,Walk
0,0,0,0,0,0,0,0,0,0,0,0,0,0,0,0,0,0,3,0,0,3,0,0,9,0,0,0,0,0,0,0,0,Other
0,0,0,0,0,0,0,0,0,0,0,0,0,0,0,0,0,0,5,0,0,8,0,0,2,0,0,0,0,0,0,0,0,Other
0,0,0,0,0,0,0,0,0,0,0,0,0,0,0,0,0,0,6,0,0,9,0,0,0,0,0,0,0,0,0,0,0,Other
0,0,0,0,0,0,0,0,0,0,0,0,0,0,0,0,0,0,10,0,0,5,0,0,0,0,0,0,0,0,0,0,0,Other
0,0,0,0,0,0,0,0,0,0,0,0,0,0,0,0,0,0,14,0,0,1,0,0,0,0,0,0,0,0,0,0,0,Other
0,0,0,0,0,0,0,0,0,0,0,0,0,0,0,0,0,0,15,0,0,0,0,0,0,0,0,0,0,0,0,0,0,Other
0,0,0,0,0,0,0,0,0,0,0,0,0,0,0,0,0,0,15,0,0,0,0,0,0,0,0,0,0,0,0,0,0,Other
0,0,0,0,0,0,0,0,0,0,0,0,0,0,0,0,0,0,15,0,0,0,0,0,0,0,0,0,0,0,0,0,0,Other
0,0,0,0,0,0,0,0,0,0,0,0,0,0,0,0,0,0,15,0,0,0,0,0,0,0,0,0,0,0,0,0,0,Other
0,0,0,0,0,0,0,0,0,0,0,0,0,0,0,0,0,0,15,0,0,0,0,0,0,0,0,0,0,0,0,0,0,Other
0,0,0,0,0,0,0,0,0,0,0,0,0,0,0,0,0,0,15,0,0,0,0,0,0,0,0,0,0,0,0,0,0,Other
0,0,0,0,0,0,0,0,0,0,0,0,0,0,0,0,0,0,15,0,0,0,0,0,0,0,0,0,0,0,0,0,0,Other
0,0,0,0,0,0,0,0,0,0,0,0,0,0,0,0,0,0,15,0,0,0,0,0,0,0,0,0,0,0,0,0,0,Other
0,0,0,0,0,0,0,0,0,0,0,0,0,0,0,0,0,0,14,0,0,1,0,0,0,0,0,0,0,0,0,0,0,Other
0,0,0,0,0,0,0,0,0,0,0,0,0,0,0,0,0,0,14,0,0,1,0,0,0,0,0,0,0,0,0,0,0,Other
0,0,0,0,0,0,0,0,0,0,0,0,0,0,0,0,0,0,15,0,0,0,0,0,0,0,0,0,0,0,0,0,0,Other
0,0,0,0,0,0,0,0,0,0,0,0,0,0,0,0,0,0,15,0,0,0,0,0,0,0,0,0,0,0,0,0,0,Other
0,0,0,0,0,0,0,0,0,0,0,0,0,0,0,0,0,0,15,0,0,0,0,0,0,0,0,0,0,0,0,0,0,Other
0,0,0,0,0,0,0,0,0,0,0,0,0,0,0,0,0,0,15,0,0,0,0,0,0,0,0,0,0,0,0,0,0,Other
0,0,0,0,0,0,0,0,0,0,0,0,0,0,0,0,0,0,15,0,0,0,0,0,0,0,0,0,0,0,0,0,0,Other
0,0,0,0,0,0,0,0,0,0,0,0,0,0,0,0,0,0,15,0,0,0,0,0,0,0,0,0,0,0,0,0,0,Other
0,0,0,0,0,0,0,0,0,0,0,0,0,0,0,0,0,0,15,0,0,0,0,0,0,0,0,0,0,0,0,0,0,Other
0,0,0,0,0,0,0,0,0,0,0,0,0,0,0,0,0,0,15,0,0,0,0,0,0,0,0,0,0,0,0,0,0,Other
0,0,0,0,0,0,0,0,0,0,0,0,0,0,0,0,0,0,15,0,0,0,0,0,0,0,0,0,0,0,0,0,0,Other
0,0,0,0,0,0,0,0,0,0,0,0,0,0,0,0,0,0,15,0,0,0,0,0,0,0,0,0,0,0,0,0,0,Other
0,0,0,0,0,0,0,0,0,0,0,0,0,0,0,0,0,0,15,0,0,0,0,0,0,0,0,0,0,0,0,0,0,Other
0,0,0,0,0,0,0,0,0,0,0,0,0,0,0,0,0,0,14,0,0,1,0,0,0,0,0,0,0,0,0,0,0,Other
0,0,0,0,0,0,0,0,0,0,0,0,0,0,0,0,1,0,9,0,0,5,0,0,0,0,0,0,0,0,0,0,0,Other
0,0,0,0,0,0,0,0,0,0,0,0,0,0,0,0,1,0,3,0,0,11,0,0,0,0,0,0,0,0,0,0,0,Other
0,0,0,0,0,0,0,0,0,0,0,0,0,0,0,0,0,0,0,0,0,15,0,0,0,0,0,0,0,0,0,0,0,Other
0,0,0,0,0,0,0,0,0,0,0,0,0,0,0,0,0,0,0,0,0,15,0,0,0,0,0,0,0,0,0,0,0,Other
0,0,0,0,0,0,0,0,0,0,0,0,0,0,0,0,0,0,0,0,0,15,0,0,0,0,0,0,0,0,0,0,0,Other
0,0,0,0,0,0,0,0,0,0,0,0,0,0,0,0,0,0,0,0,0,15,0,0,0,0,0,0,0,0,0,0,0,Other
0,0,0,0,0,0,0,0,0,0,0,0,0,0,0,0,0,0,0,0,0,15,0,0,0,0,0,0,0,0,0,0,0,Other
0,0,0,0,0,0,0,0,0,0,0,0,0,0,0,0,0,0,0,0,0,15,0,0,0,0,0,0,0,0,0,0,0,Other
0,0,0,0,0,0,0,0,0,0,0,0,0,0,0,0,0,0,0,0,0,15,0,0,0,0,0,0,0,0,0,0,0,Other
0,0,0,0,0,0,0,0,0,0,0,0,0,0,0,0,0,0,0,0,0,15,0,0,0,0,0,0,0,0,0,0,0,Other
0,0,0,0,0,0,0,0,0,0,0,0,0,0,0,0,0,0,0,0,0,15,0,0,0,0,0,0,0,0,0,0,0,Other
0,0,0,0,0,0,0,0,0,0,0,0,0,0,0,0,0,0,0,0,0,15,0,0,0,0,0,0,0,0,0,0,0,Other
0,0,0,0,0,0,0,0,0,0,0,0,0,0,0,0,0,0,0,0,0,12,1,2,0,0,0,0,0,0,0,0,0,Other
0,0,0,0,0,0,0,0,0,0,0,0,0,0,0,0,0,0,0,0,0,5,1,3,0,0,6,0,0,0,0,0,0,Other
0,0,0,0,0,0,0,0,0,0,0,0,0,0,0,0,0,0,0,0,0,0,0,4,0,0,8,0,0,3,0,0,0,Other
0,0,0,0,0,0,0,0,0,0,0,0,0,0,0,0,0,0,0,0,0,0,0,2,0,0,10,0,0,3,0,0,0,Other
0,0,0,0,0,0,0,0,0,0,0,0,0,0,0,0,0,0,0,0,0,0,0,0,0,0,14,0,0,1,0,0,0,Other
0,0,0,0,0,0,0,0,0,0,0,0,0,0,0,0,0,0,0,0,0,0,0,0,0,0,14,0,0,1,0,0,0,Other
0,0,0,0,0,0,0,0,0,0,0,0,0,0,0,0,0,0,0,0,0,0,0,0,0,0,15,0,0,0,0,0,0,Other
0,0,0,0,0,0,0,0,0,0,0,0,0,0,0,0,0,0,0,0,0,0,0,0,0,0,15,0,0,0,0,0,0,Other
0,0,0,0,0,0,0,0,0,0,0,0,0,0,0,0,0,0,0,0,0,0,0,0,0,0,15,0,0,0,0,0,0,Other
0,0,0,0,0,0,0,0,0,0,0,0,0,0,0,0,0,0,0,0,0,0,0,0,0,0,15,0,0,0,0,0,0,Other
0,0,0,0,0,0,0,0,0,0,0,0,0,0,0,0,0,0,0,0,0,0,0,0,0,0,15,0,0,0,0,0,0,Other
0,0,0,0,0,0,0,0,0,0,0,0,0,0,0,0,0,0,0,0,0,0,0,0,0,0,15,0,0,0,0,0,0,Other
0,0,0,0,0,0,0,0,0,0,0,0,0,0,0,0,0,0,0,0,0,0,0,0,0,0,15,0,0,0,0,0,0,Other
0,0,0,0,0,0,0,0,0,0,0,0,0,0,0,0,0,0,0,0,0,0,0,0,0,2,13,0,0,0,0,0,0,Other
0,0,0,0,0,0,0,0,0,0,0,0,0,0,0,0,0,0,0,0,0,0,0,0,0,3,11,0,0,1,0,0,0,Other
0,0,0,0,0,0,0,0,0,0,0,0,0,0,0,0,0,0,0,0,0,0,0,0,0,2,12,0,0,1,0,0,0,Other
0,0,0,0,0,0,0,0,0,0,0,0,0,0,0,0,0,0,0,0,0,0,0,0,0,0,15,0,0,0,0,0,0,Other
0,0,0,0,0,0,0,0,0,0,0,0,0,0,0,0,0,0,0,0,0,0,0,0,0,0,15,0,0,0,0,0,0,Other
0,0,0,0,0,0,0,0,0,0,0,0,0,0,0,0,0,0,0,0,0,0,0,0,0,0,15,0,0,0,0,0,0,Other
0,0,0,0,0,0,0,0,0,0,0,0,0,0,0,0,0,0,0,0,0,0,0,0,0,0,15,0,0,0,0,0,0,Other
0,0,0,0,0,0,0,0,0,0,0,0,0,0,0,0,0,0,0,0,0,0,0,0,0,0,15,0,0,0,0,0,0,Other
0,0,0,0,0,0,0,0,0,0,0,0,0,0,0,0,0,0,0,0,0,0,0,0,0,0,15,0,0,0,0,0,0,Other
0,0,0,0,0,0,0,0,0,0,0,0,0,0,0,0,0,0,0,0,0,0,0,0,0,0,15,0,0,0,0,0,0,Other
0,0,0,0,0,0,0,0,0,0,0,0,0,0,0,0,0,0,0,0,0,0,0,0,0,0,15,0,0,0,0,0,0,Other
0,0,0,0,0,0,0,0,0,0,0,0,0,0,0,0,0,0,0,0,0,0,0,0,0,0,15,0,0,0,0,0,0,Other
0,0,0,0,0,0,0,0,0,0,0,0,0,0,0,0,0,0,0,0,0,0,0,0,0,0,15,0,0,0,0,0,0,Other
0,0,0,0,0,0,0,0,0,0,0,0,0,0,0,0,0,0,0,0,0,0,0,0,0,0,15,0,0,0,0,0,0,Other
0,0,0,0,0,0,0,0,0,0,0,0,0,0,0,0,0,0,0,0,0,0,0,0,0,0,15,0,0,0,0,0,0,Other
0,0,0,0,0,0,0,0,0,0,0,0,0,0,0,0,0,0,0,0,0,0,0,0,0,0,15,0,0,0,0,0,0,Other
0,0,0,0,0,0,0,0,0,0,0,0,0,0,0,0,0,0,0,0,0,0,0,0,0,0,15,0,0,0,0,0,0,Other
0,0,0,0,0,0,0,0,0,0,0,0,0,0,0,0,0,0,0,0,0,0,0,0,0,0,15,0,0,0,0,0,0,Other
0,0,0,0,0,0,0,0,0,0,0,0,0,0,0,0,0,0,0,0,0,0,0,0,0,0,15,0,0,0,0,0,0,Other
0,0,0,0,0,0,0,0,0,0,0,0,0,0,0,0,0,0,0,0,0,0,0,0,0,0,15,0,0,0,0,0,0,Other
0,0,0,0,0,0,0,0,0,0,0,0,0,0,0,0,0,0,0,0,0,0,0,0,0,0,15,0,0,0,0,0,0,Other
0,0,0,0,0,0,0,0,0,0,0,0,0,0,0,0,0,0,0,0,0,0,0,0,0,0,15,0,0,0,0,0,0,Other
0,0,0,0,0,0,0,0,0,0,0,0,0,0,0,0,0,0,0,0,0,0,0,0,0,0,12,0,0,3,0,0,0,Other
0,0,0,0,0,0,0,0,0,0,0,0,0,0,0,0,0,0,0,0,0,0,0,0,0,0,7,0,0,8,0,0,0,Read
0,0,0,0,0,0,0,0,0,0,0,0,0,0,0,0,0,0,0,0,0,0,0,0,0,0,2,0,1,6,6,0,0,Read
0,0,0,0,0,0,0,0,0,0,0,0,0,0,0,0,1,0,0,0,1,0,0,1,0,0,2,0,1,1,8,0,0,Read
0,0,0,0,0,0,0,0,0,0,0,1,0,0,0,0,1,0,0,0,1,0,0,1,0,0,3,1,0,0,6,1,0,Read
0,0,0,0,0,0,0,0,0,0,0,1,0,0,0,0,0,0,0,0,0,0,1,1,0,0,2,2,0,2,5,1,0,Read
0,0,0,0,0,0,0,0,0,0,0,0,0,0,0,0,0,0,0,0,0,0,1,1,0,0,3,2,0,4,4,0,0,Read
0,0,0,0,0,0,0,0,0,0,0,0,0,0,0,0,0,0,0,0,0,0,0,0,0,1,3,1,0,5,5,0,0,Read
0,0,0,0,0,0,0,0,0,0,0,0,0,0,0,0,0,0,0,0,0,0,0,0,0,1,4,0,0,5,5,0,0,Read
0,0,0,0,0,0,0,0,0,0,0,0,0,0,0,0,0,0,0,0,0,0,0,1,0,0,4,1,0,4,5,0,0,Read
0,0,0,0,0,0,0,0,0,0,0,0,0,0,0,0,0,0,0,0,0,0,0,1,0,0,1,1,0,5,7,0,0,Read
0,0,0,0,0,0,0,0,0,0,0,0,0,0,0,0,0,0,0,0,0,0,0,1,0,0,4,1,0,5,4,0,0,Read
0,0,0,0,0,0,0,0,0,1,0,0,0,0,0,0,0,0,0,0,0,0,0,1,0,0,4,1,0,1,7,0,0,Read
0,0,0,0,0,0,0,0,0,1,0,0,0,0,0,0,0,0,0,0,0,0,0,2,0,1,4,0,0,0,7,0,0,Read
0,0,0,0,0,0,0,0,0,1,0,0,0,0,0,1,0,0,0,0,0,0,0,2,0,1,5,1,0,1,3,0,0,Read
0,0,0,0,0,0,0,0,0,0,0,1,0,0,0,1,0,0,0,0,1,0,1,0,0,0,3,1,0,2,5,0,0,Read
0,0,0,0,0,0,0,0,0,0,0,1,0,0,0,0,0,0,0,0,1,0,1,1,0,0,4,1,0,2,4,0,0,Read
