0.20224719101123595,58.51685393258427,0.0,1.247191011235955,0.0,0.0,0.0,0.0,0.033707865168539325,0.0,0.0,0.0,0.0,0.0,0.0,0.0,0.0,0.0,0.0,0.0,0.0,1.0,0.0,0.0,0.0,1.0,0.0,0.0,0.0,0.0,0.0,0.0,1.0
0.20224719101123595,58.51685393258427,0.0,1.247191011235955,0.0,0.0,0.0,0.0,0.033707865168539325,0.0,0.0,0.0,0.0,0.0,0.0,0.0,0.0,0.0,0.0,0.0,0.0,1.0,0.0,0.0,0.0,1.0,0.0,0.0,0.0,0.0,0.0,0.0,1.0
0.20224719101123595,58.51685393258427,0.0,1.247191011235955,0.0,0.0,0.0,0.0,0.033707865168539325,0.0,0.0,0.0,0.0,0.0,0.0,0.0,0.0,0.0,0.0,0.0,0.0,1.0,0.0,0.0,0.0,1.0,0.0,0.0,0.0,0.0,0.0,0.0,1.0
0.20224719101123595,58.51685393258427,0.0,1.247191011235955,0.0,0.0,0.0,0.0,0.033707865168539325,0.0,0.0,0.0,0.0,0.0,0.0,0.0,0.0,0.0,0.0,0.0,0.0,1.0,0.0,0.0,0.0,1.0,0.0,0.0,0.0,0.0,0.0,0.0,1.0
0.20224719101123595,58.51685393258427,0.0,1.247191011235955,0.0,0.0,0.0,0.0,0.033707865168539325,0.0,0.0,0.0,0.0,0.0,0.0,0.0,0.0,0.0,0.0,0.0,0.0,1.0,0.0,0.0,0.0,1.0,0.0,0.0,0.0,0.0,0.0,0.0,1.0
0.20224719101123595,58.51685393258427,0.0,1.247191011235955,0.0,0.0,0.0,0.0,0.033707865168539325,0.0,0.0,0.0,0.0,0.0,0.0,0.0,0.0,0.0,0.0,0.0,0.0,1.0,0.0,0.0,0.0,1.0,0.0,0.0,0.0,0.0,0.0,0.0,1.0
0.20224719101123595,58.51685393258427,0.0,1.247191011235955,0.0,0.0,0.0,0.0,0.033707865168539325,0.0,0.0,0.0,0.0,0.0,0.0,0.0,0.0,0.0,0.0,0.0,0.0,1.0,0.0,0.0,0.0,1.0,0.0,0.0,0.0,0.0,0.0,0.0,1.0
0.20224719101123595,58.51685393258427,0.0,1.247191011235955,0.0,0.0,0.0,0.0,0.033707865168539325,0.0,0.0,0.0,0.0,0.0,0.0,0.0,0.0,0.0,0.0,0.0,0.0,1.0,0.0,0.0,0.0,1.0,0.0,0.0,0.0,0.0,0.0,0.0,1.0
0.20224719101123595,58.51685393258427,0.0,1.247191011235955,0.0,0.0,0.0,0.0,0.033707865168539325,0.0,0.0,0.0,0.0,0.0,0.0,0.0,0.0,0.0,0.0,0.0,0.0,1.0,0.0,0.0,0.0,1.0,0.0,0.0,0.0,0.0,0.0,0.0,1.0
0.20224719101123595,58.51685393258427,0.0,1.247191011235955,0.0,0.0,0.0,0.0,0.033707865168539325,0.0,0.0,0.0,0.0,0.0,0.0,0.0,0.0,0.0,0.0,0.0,0.0,1.0,0.0,0.0,0.0,1.0,0.0,0.0,0.0,0.0,0.0,0.0,1.0
0.20224719101123595,58.51685393258427,0.0,1.247191011235955,0.0,0.0,0.0,0.0,0.033707865168539325,0.0,0.0,0.0,0.0,0.0,0.0,0.0,0.0,0.0,0.0,0.0,0.0,1.0,0.0,0.0,0.0,1.0,0.0,0.0,0.0,0.0,0.0,0.0,1.0
0.20224719101123595,58.51685393258427,0.0,1.247191011235955,0.0,0.0,0.0,0.0,0.033707865168539325,0.0,0.0,0.0,0.0,0.0,0.0,0.0,0.0,0.0,0.0,0.0,0.0,1.0,0.0,0.0,0.0,1.0,0.0,0.0,0.0,0.0,0.0,0.0,1.0
0.20224719101123595,58.51685393258427,0.0,1.247191011235955,0.0,0.0,0.0,0.0,0.033707865168539325,0.0,0.0,0.0,0.0,0.0,0.0,0.0,0.0,0.0,0.0,0.0,0.0,1.0,0.0,0.0,0.0,1.0,0.0,0.0,0.0,0.0,0.0,0.0,1.0
0.20224719101123595,58.51685393258427,0.0,1.247191011235955,0.0,0.0,0.0,0.0,0.033707865168539325,0.0,0.0,0.0,0.0,0.0,0.0,0.0,0.0,0.0,0.0,0.0,0.0,1.0,0.0,0.0,0.0,1.0,0.0,0.0,0.0,0.0,0.0,0.0,1.0
0.20224719101123595,58.51685393258427,0.0,1.247191011235955,0.0,0.0,0.0,0.0,0.033707865168539325,0.0,0.0,0.0,0.0,0.0,0.0,0.0,0.0,0.0,0.0,0.0,0.0,1.0,0.0,0.0,0.0,1.0,0.0,0.0,0.0,0.0,0.0,0.0,1.0
0.20224719101123595,58.51685393258427,0.0,1.247191011235955,0.0,0.0,0.0,0.0,0.033707865168539325,0.0,0.0,0.0,0.0,0.0,0.0,0.0,0.0,0.0,0.0,0.0,0.0,1.0,0.0,0.0,0.0,1.0,0.0,0.0,0.0,0.0,0.0,0.0,1.0
0.20224719101123595,58.51685393258427,0.0,1.247191011235955,0.0,0.0,0.0,0.0,0.033707865168539325,0.0,0.0,0.0,0.0,0.0,0.0,0.0,0.0,0.0,0.0,0.0,0.0,1.0,0.0,0.0,0.0,1.0,0.0,0.0,0.0,0.0,0.0,0.0,1.0
0.20224719101123595,58.51685393258427,0.0,1.247191011235955,0.0,0.0,0.0,0.0,0.033707865168539325,0.0,0.0,0.0,0.0,0.0,0.0,0.0,0.0,0.0,0.0,0.0,0.0,1.0,0.0,0.0,0.0,1.0,0.0,0.0,0.0,0.0,0.0,0.0,1.0
0.20224719101123595,58.51685393258427,0.0,1.247191011235955,0.0,0.0,0.0,0.0,0.033707865168539325,0.0,0.0,0.0,0.0,0.0,0.0,0.0,0.0,0.0,0.0,0.0,0.0,1.0,0.0,0.0,0.0,1.0,0.0,0.0,0.0,0.0,0.0,0.0,1.0
0.20224719101123595,58.51685393258427,0.0,1.247191011235955,0.0,0.0,0.0,0.0,0.033707865168539325,0.0,0.0,0.0,0.0,0.0,0.0,0.0,0.0,0.0,0.0,0.0,0.0,1.0,0.0,0.0,0.0,1.0,0.0,0.0,0.0,0.0,0.0,0.0,1.0
0.20224719101123595,58.51685393258427,0.0,1.247191011235955,0.0,0.0,0.0,0.0,0.033707865168539325,0.0,0.0,0.0,0.0,0.0,0.0,0.0,0.0,0.0,0.0,0.0,0.0,1.0,0.0,0.0,0.0,1.0,0.0,0.0,0.0,0.0,0.0,0.0,1.0
0.20224719101123595,58.51685393258427,0.0,1.247191011235955,0.0,0.0,0.0,0.0,0.033707865168539325,0.0,0.0,0.0,0.0,0.0,0.0,0.0,0.0,0.0,0.0,0.0,0.0,1.0,0.0,0.0,0.0,1.0,0.0,0.0,0.0,0.0,0.0,0.0,1.0
0.20224719101123595,58.51685393258427,0.0,1.247191011235955,0.0,0.0,0.0,0.0,0.033707865168539325,0.0,0.0,0.0,0.0,0.0,0.0,0.0,0.0,0.0,0.0,0.0,0.0,1.0,0.0,0.0,0.0,1.0,0.0,0.0,0.0,0.0,0.0,0.0,1.0
0.20224719101123595,58.51685393258427,0.0,1.247191011235955,0.0,0.0,0.0,0.0,0.033707865168539325,0.0,0.0,0.0,0.0,0.0,0.0,0.0,0.0,0.0,0.0,0.0,0.0,1.0,0.0,0.0,0.0,1.0,0.0,0.0,0.0,0.0,0.0,0.0,1.0
0.20224719101123595,58.51685393258427,0.0,1.247191011235955,0.0,0.0,0.0,0.0,0.033707865168539325,0.0,0.0,0.0,0.0,0.0,0.0,0.0,0.0,0.0,0.0,0.0,0.0,1.0,0.0,0.0,0.0,1.0,0.0,0.0,0.0,0.0,0.0,0.0,1.0
0.20224719101123595,58.51685393258427,0.0,1.247191011235955,0.0,0.0,0.0,0.0,0.033707865168539325,0.0,0.0,0.0,0.0,0.0,0.0,0.0,0.0,0.0,0.0,0.0,0.0,1.0,0.0,0.0,0.0,1.0,0.0,0.0,0.0,0.0,0.0,0.0,1.0
0.20224719101123595,58.51685393258427,0.0,1.247191011235955,0.0,0.0,0.0,0.0,0.033707865168539325,0.0,0.0,0.0,0.0,0.0,0.0,0.0,0.0,0.0,0.0,0.0,0.0,1.0,0.0,0.0,0.0,1.0,0.0,0.0,0.0,0.0,0.0,0.0,1.0
0.20224719101123595,58.51685393258427,0.0,1.247191011235955,0.0,0.0,0.0,0.0,0.033707865168539325,0.0,0.0,0.0,0.0,0.0,0.0,0.0,0.0,0.0,0.0,0.0,0.0,1.0,0.0,0.0,0.0,1.0,0.0,0.0,0.0,0.0,0.0,0.0,1.0
0.20224719101123595,58.51685393258427,0.0,1.247191011235955,0.0,0.0,0.0,0.0,0.033707865168539325,0.0,0.0,0.0,0.0,0.0,0.0,0.0,0.0,0.0,0.0,0.0,0.0,1.0,0.0,0.0,0.0,1.0,0.0,0.0,0.0,0.0,0.0,0.0,1.0
0.20224719101123595,58.51685393258427,0.0,1.247191011235955,0.0,0.0,0.0,0.0,0.033707865168539325,0.0,0.0,0.0,0.0,0.0,0.0,0.0,0.0,0.0,0.0,0.0,0.0,1.0,0.0,0.0,0.0,1.0,0.0,0.0,0.0,0.0,0.0,0.0,1.0
0.20224719101123595,58.51685393258427,0.0,1.247191011235955,0.0,0.0,0.0,0.0,0.033707865168539325,0.0,0.0,0.0,0.0,0.0,0.0,0.0,0.0,0.0,0.0,0.0,0.0,1.0,0.0,0.0,0.0,1.0,0.0,0.0,0.0,0.0,0.0,0.0,1.0
0.20224719101123595,58.51685393258427,0.0,1.247191011235955,0.0,0.0,0.0,0.0,0.033707865168539325,0.0,0.0,0.0,0.0,0.0,0.0,0.0,0.0,0.0,0.0,0.0,0.0,1.0,0.0,0.0,0.0,1.0,0.0,0.0,0.0,0.0,0.0,0.0,1.0
0.20224719101123595,58.51685393258427,0.0,1.247191011235955,0.0,0.0,0.0,0.0,0.033707865168539325,0.0,0.0,0.0,0.0,0.0,0.0,0.0,0.0,0.0,0.0,0.0,0.0,1.0,0.0,0.0,0.0,1.0,0.0,0.0,0.0,0.0,0.0,0.0,1.0
0.20224719101123595,58.51685393258427,0.0,1.247191011235955,0.0,0.0,0.0,0.0,0.033707865168539325,0.0,0.0,0.0,0.0,0.0,0.0,0.0,0.0,0.0,0.0,0.0,0.0,1.0,0.0,0.0,0.0,1.0,0.0,0.0,0.0,0.0,0.0,0.0,1.0
0.20224719101123595,58.51685393258427,0.0,1.247191011235955,0.0,0.0,0.0,0.0,0.033707865168539325,0.0,0.0,0.0,0.0,0.0,0.0,0.0,0.0,0.0,0.0,0.0,0.0,1.0,0.0,0.0,0.0,1.0,0.0,0.0,0.0,0.0,0.0,0.0,1.0
0.20224719101123595,58.51685393258427,0.0,1.247191011235955,0.0,0.0,0.0,0.0,0.033707865168539325,0.0,0.0,0.0,0.0,0.0,0.0,0.0,0.0,0.0,0.0,0.0,0.0,1.0,0.0,0.0,0.0,1.0,0.0,0.0,0.0,0.0,0.0,0.0,1.0
0.20224719101123595,58.51685393258427,0.0,1.247191011235955,0.0,0.0,0.0,0.0,0.033707865168539325,0.0,0.0,0.0,0.0,0.0,0.0,0.0,0.0,0.0,0.0,0.0,0.0,1.0,0.0,0.0,0.0,1.0,0.0,0.0,0.0,0.0,0.0,0.0,1.0
0.20224719101123595,58.51685393258427,0.0,1.247191011235955,0.0,0.0,0.0,0.0,0.033707865168539325,0.0,0.0,0.0,0.0,0.0,0.0,0.0,0.0,0.0,0.0,0.0,0.0,1.0,0.0,0.0,0.0,1.0,0.0,0.0,0.0,0.0,0.0,0.0,1.0
0.20224719101123595,58.51685393258427,0.0,1.247191011235955,0.0,0.0,0.0,0.0,0.033707865168539325,0.0,0.0,0.0,0.0,0.0,0.0,0.0,0.0,0.0,0.0,0.0,0.0,1.0,0.0,0.0,0.0,1.0,0.0,0.0,0.0,0.0,0.0,0.0,1.0
0.20224719101123595,58.51685393258427,0.0,1.247191011235955,0.0,0.0,0.0,0.0,0.033707865168539325,0.0,0.0,0.0,0.0,0.0,0.0,0.0,0.0,0.0,0.0,0.0,0.0,1.0,0.0,0.0,0.0,1.0,0.0,0.0,0.0,0.0,0.0,0.0,1.0
0.20224719101123595,58.51685393258427,0.0,1.247191011235955,0.0,0.0,0.0,0.0,0.033707865168539325,0.0,0.0,0.0,0.0,0.0,0.0,0.0,0.0,0.0,0.0,0.0,0.0,1.0,0.0,0.0,0.0,1.0,0.0,0.0,0.0,0.0,0.0,0.0,1.0
0.20224719101123595,58.51685393258427,0.0,1.247191011235955,0.0,0.0,0.0,0.0,0.033707865168539325,0.0,0.0,0.0,0.0,0.0,0.0,0.0,0.0,0.0,0.0,0.0,0.0,1.0,0.0,0.0,0.0,1.0,0.0,0.0,0.0,0.0,0.0,0.0,1.0
0.20224719101123595,58.51685393258427,0.0,1.247191011235955,0.0,0.0,0.0,0.0,0.033707865168539325,0.0,0.0,0.0,0.0,0.0,0.0,0.0,0.0,0.0,0.0,0.0,0.0,1.0,0.0,0.0,0.0,1.0,0.0,0.0,0.0,0.0,0.0,0.0,1.0
0.20224719101123595,58.51685393258427,0.0,1.247191011235955,0.0,0.0,0.0,0.0,0.033707865168539325,0.0,0.0,0.0,0.0,0.0,0.0,0.0,0.0,0.0,0.0,0.0,0.0,1.0,0.0,0.0,0.0,1.0,0.0,0.0,0.0,0.0,0.0,0.0,1.0
0.20224719101123595,58.51685393258427,0.0,1.247191011235955,0.0,0.0,0.0,0.0,0.033707865168539325,0.0,0.0,0.0,0.0,0.0,0.0,0.0,0.0,0.0,0.0,0.0,0.0,1.0,0.0,0.0,0.0,1.0,0.0,0.0,0.0,0.0,0.0,0.0,1.0
0.20224719101123595,58.51685393258427,0.0,1.247191011235955,0.0,0.0,0.0,0.0,0.033707865168539325,0.0,0.0,0.0,0.0,0.0,0.0,0.0,0.0,0.0,0.0,0.0,0.0,1.0,0.0,0.0,0.0,1.0,0.0,0.0,0.0,0.0,0.0,0.0,1.0
0.20224719101123595,58.51685393258427,0.0,1.247191011235955,0.0,0.0,0.0,0.0,0.033707865168539325,0.0,0.0,0.0,0.0,0.0,0.0,0.0,0.0,0.0,0.0,0.0,0.0,1.0,0.0,0.0,0.0,1.0,0.0,0.0,0.0,0.0,0.0,0.0,1.0
0.20224719101123595,58.51685393258427,0.0,1.247191011235955,0.0,0.0,0.0,0.0,0.033707865168539325,0.0,0.0,0.0,0.0,0.0,0.0,0.0,0.0,0.0,0.0,0.0,0.0,1.0,0.0,0.0,0.0,1.0,0.0,0.0,0.0,0.0,0.0,0.0,1.0
0.20224719101123595,58.51685393258427,0.0,1.247191011235955,0.0,0.0,0.0,0.0,0.033707865168539325,0.0,0.0,0.0,0.0,0.0,0.0,0.0,0.0,0.0,0.0,0.0,0.0,1.0,0.0,0.0,0.0,1.0,0.0,0.0,0.0,0.0,0.0,0.0,1.0
0.20224719101123595,58.51685393258427,0.0,1.247191011235955,0.0,0.0,0.0,0.0,0.033707865168539325,0.0,0.0,0.0,0.0,0.0,0.0,0.0,0.0,0.0,0.0,0.0,0.0,1.0,0.0,0.0,0.0,1.0,0.0,0.0,0.0,0.0,0.0,0.0,1.0
0.20224719101123595,58.51685393258427,0.0,1.247191011235955,0.0,0.0,0.0,0.0,0.033707865168539325,0.0,0.0,0.0,0.0,0.0,0.0,0.0,0.0,0.0,0.0,0.0,0.0,1.0,0.0,0.0,0.0,1.0,0.0,0.0,0.0,0.0,0.0,0.0,1.0
0.20224719101123595,58.51685393258427,0.0,1.247191011235955,0.0,0.0,0.0,0.0,0.033707865168539325,0.0,0.0,0.0,0.0,0.0,0.0,0.0,0.0,0.0,0.0,0.0,0.0,1.0,0.0,0.0,0.0,1.0,0.0,0.0,0.0,0.0,0.0,0.0,1.0
0.20224719101123595,58.51685393258427,0.0,1.247191011235955,0.0,0.0,0.0,0.0,0.033707865168539325,0.0,0.0,0.0,0.0,0.0,0.0,0.0,0.0,0.0,0.0,0.0,0.0,1.0,0.0,0.0,0.0,1.0,0.0,0.0,0.0,0.0,0.0,0.0,1.0
0.20224719101123595,58.51685393258427,0.0,1.247191011235955,0.0,0.0,0.0,0.0,0.033707865168539325,0.0,0.0,0.0,0.0,0.0,0.0,0.0,0.0,0.0,0.0,0.0,0.0,1.0,0.0,0.0,0.0,1.0,0.0,0.0,0.0,0.0,0.0,0.0,1.0
0.20224719101123595,58.51685393258427,0.0,1.247191011235955,0.0,0.0,0.0,0.0,0.033707865168539325,0.0,0.0,0.0,0.0,0.0,0.0,0.0,0.0,0.0,0.0,0.0,0.0,1.0,0.0,0.0,0.0,1.0,0.0,0.0,0.0,0.0,0.0,0.0,1.0
0.20224719101123595,58.51685393258427,0.0,1.247191011235955,0.0,0.0,0.0,0.0,0.033707865168539325,0.0,0.0,0.0,0.0,0.0,0.0,0.0,0.0,0.0,0.0,0.0,0.0,1.0,0.0,0.0,0.0,1.0,0.0,0.0,0.0,0.0,0.0,0.0,1.0
0.20224719101123595,58.51685393258427,0.0,1.247191011235955,0.0,0.0,0.0,0.0,0.033707865168539325,0.0,0.0,0.0,0.0,0.0,0.0,0.0,0.0,0.0,0.0,0.0,0.0,1.0,0.0,0.0,0.0,1.0,0.0,0.0,0.0,0.0,0.0,0.0,1.0
0.20224719101123595,58.51685393258427,0.0,1.247191011235955,0.0,0.0,0.0,0.0,0.033707865168539325,0.0,0.0,0.0,0.0,0.0,0.0,0.0,0.0,0.0,0.0,0.0,0.0,1.0,0.0,0.0,0.0,1.0,0.0,0.0,0.0,0.0,0.0,0.0,1.0
0.20224719101123595,58.51685393258427,0.0,1.247191011235955,0.0,0.0,0.0,0.0,0.033707865168539325,0.0,0.0,0.0,0.0,0.0,0.0,0.0,0.0,0.0,0.0,0.0,0.0,1.0,0.0,0.0,0.0,1.0,0.0,0.0,0.0,0.0,0.0,0.0,1.0
0.20224719101123595,58.51685393258427,0.0,1.247191011235955,0.0,0.0,0.0,0.0,0.033707865168539325,0.0,0.0,0.0,0.0,0.0,0.0,0.0,0.0,0.0,0.0,0.0,0.0,1.0,0.0,0.0,0.0,1.0,0.0,0.0,0.0,0.0,0.0,0.0,1.0
0.20224719101123595,58.51685393258427,0.0,1.247191011235955,0.0,0.0,0.0,0.0,0.033707865168539325,0.0,0.0,0.0,0.0,0.0,0.0,0.0,0.0,0.0,0.0,0.0,0.0,1.0,0.0,0.0,0.0,1.0,0.0,0.0,0.0,0.0,0.0,0.0,1.0
0.20224719101123595,58.51685393258427,0.0,1.247191011235955,0.0,0.0,0.0,0.0,0.033707865168539325,0.0,0.0,0.0,0.0,0.0,0.0,0.0,0.0,0.0,0.0,0.0,0.0,1.0,0.0,0.0,0.0,1.0,0.0,0.0,0.0,0.0,0.0,0.0,1.0
0.20224719101123595,58.51685393258427,0.0,1.247191011235955,0.0,0.0,0.0,0.0,0.033707865168539325,0.0,0.0,0.0,0.0,0.0,0.0,0.0,0.0,0.0,0.0,0.0,0.0,1.0,0.0,0.0,0.0,1.0,0.0,0.0,0.0,0.0,0.0,0.0,1.0
0.20224719101123595,58.51685393258427,0.0,1.247191011235955,0.0,0.0,0.0,0.0,0.033707865168539325,0.0,0.0,0.0,0.0,0.0,0.0,0.0,0.0,0.0,0.0,0.0,0.0,1.0,0.0,0.0,0.0,1.0,0.0,0.0,0.0,0.0,0.0,0.0,1.0
0.20224719101123595,58.51685393258427,0.0,1.247191011235955,0.0,0.0,0.0,0.0,0.033707865168539325,0.0,0.0,0.0,0.0,0.0,0.0,0.0,0.0,0.0,0.0,0.0,0.0,1.0,0.0,0.0,0.0,1.0,0.0,0.0,0.0,0.0,0.0,0.0,1.0
0.20224719101123595,58.51685393258427,0.0,1.247191011235955,0.0,0.0,0.0,0.0,0.033707865168539325,0.0,0.0,0.0,0.0,0.0,0.0,0.0,0.0,0.0,0.0,0.0,0.0,1.0,0.0,0.0,0.0,1.0,0.0,0.0,0.0,0.0,0.0,0.0,1.0
0.20224719101123595,58.51685393258427,0.0,1.247191011235955,0.0,0.0,0.0,0.0,0.033707865168539325,0.0,0.0,0.0,0.0,0.0,0.0,0.0,0.0,0.0,0.0,0.0,0.0,1.0,0.0,0.0,0.0,1.0,0.0,0.0,0.0,0.0,0.0,0.0,1.0
0.20224719101123595,58.51685393258427,0.0,1.247191011235955,0.0,0.0,0.0,0.0,0.033707865168539325,0.0,0.0,0.0,0.0,0.0,0.0,0.0,0.0,0.0,0.0,0.0,0.0,1.0,0.0,0.0,0.0,1.0,0.0,0.0,0.0,0.0,0.0,0.0,1.0
0.20224719101123595,58.51685393258427,0.0,1.247191011235955,0.0,0.0,0.0,0.0,0.033707865168539325,0.0,0.0,0.0,0.0,0.0,0.0,0.0,0.0,0.0,0.0,0.0,0.0,1.0,0.0,0.0,0.0,1.0,0.0,0.0,0.0,0.0,0.0,0.0,1.0
0.20224719101123595,58.51685393258427,0.0,1.247191011235955,0.0,0.0,0.0,0.0,0.033707865168539325,0.0,0.0,0.0,0.0,0.0,0.0,0.0,0.0,0.0,0.0,0.0,0.0,1.0,0.0,0.0,0.0,1.0,0.0,0.0,0.0,0.0,0.0,0.0,1.0
0.20224719101123595,58.51685393258427,0.0,1.247191011235955,0.0,0.0,0.0,0.0,0.033707865168539325,0.0,0.0,0.0,0.0,0.0,0.0,0.0,0.0,0.0,0.0,0.0,0.0,1.0,0.0,0.0,0.0,1.0,0.0,0.0,0.0,0.0,0.0,0.0,1.0
0.20224719101123595,58.51685393258427,0.0,1.247191011235955,0.0,0.0,0.0,0.0,0.033707865168539325,0.0,0.0,0.0,0.0,0.0,0.0,0.0,0.0,0.0,0.0,0.0,0.0,1.0,0.0,0.0,0.0,1.0,0.0,0.0,0.0,0.0,0.0,0.0,1.0
0.20224719101123595,58.51685393258427,0.0,1.247191011235955,0.0,0.0,0.0,0.0,0.033707865168539325,0.0,0.0,0.0,0.0,0.0,0.0,0.0,0.0,0.0,0.0,0.0,0.0,1.0,0.0,0.0,0.0,1.0,0.0,0.0,0.0,0.0,0.0,0.0,1.0
0.20224719101123595,58.51685393258427,0.0,1.247191011235955,0.0,0.0,0.0,0.0,0.033707865168539325,0.0,0.0,0.0,0.0,0.0,0.0,0.0,0.0,0.0,0.0,0.0,0.0,1.0,0.0,0.0,0.0,1.0,0.0,0.0,0.0,0.0,0.0,0.0,1.0
0.20224719101123595,58.51685393258427,0.0,1.247191011235955,0.0,0.0,0.0,0.0,0.033707865168539325,0.0,0.0,0.0,0.0,0.0,0.0,0.0,0.0,0.0,0.0,0.0,0.0,1.0,0.0,0.0,0.0,1.0,0.0,0.0,0.0,0.0,0.0,0.0,1.0
0.20224719101123595,58.51685393258427,0.0,1.247191011235955,0.0,0.0,0.0,0.0,0.033707865168539325,0.0,0.0,0.0,0.0,0.0,0.0,0.0,0.0,0.0,0.0,0.0,0.0,1.0,0.0,0.0,0.0,1.0,0.0,0.0,0.0,0.0,0.0,0.0,1.0
0.20224719101123595,58.51685393258427,0.0,1.247191011235955,0.0,0.0,0.0,0.0,0.033707865168539325,0.0,0.0,0.0,0.0,0.0,0.0,0.0,0.0,0.0,0.0,0.0,0.0,1.0,0.0,0.0,0.0,1.0,0.0,0.0,0.0,0.0,0.0,0.0,1.0
0.20224719101123595,58.51685393258427,0.0,1.247191011235955,0.0,0.0,0.0,0.0,0.033707865168539325,0.0,0.0,0.0,0.0,0.0,0.0,0.0,0.0,0.0,0.0,0.0,0.0,1.0,0.0,0.0,0.0,1.0,0.0,0.0,0.0,0.0,0.0,0.0,1.0
0.20224719101123595,58.51685393258427,0.0,1.247191011235955,0.0,0.0,0.0,0.0,0.033707865168539325,0.0,0.0,0.0,0.0,0.0,0.0,0.0,0.0,0.0,0.0,0.0,0.0,1.0,0.0,0.0,0.0,1.0,0.0,0.0,0.0,0.0,0.0,0.0,1.0
0.20224719101123595,58.51685393258427,0.0,1.247191011235955,0.0,0.0,0.0,0.0,0.033707865168539325,0.0,0.0,0.0,0.0,0.0,0.0,0.0,0.0,0.0,0.0,0.0,0.0,1.0,0.0,0.0,0.0,1.0,0.0,0.0,0.0,0.0,0.0,0.0,1.0
0.20224719101123595,58.51685393258427,0.0,1.247191011235955,0.0,0.0,0.0,0.0,0.033707865168539325,0.0,0.0,0.0,0.0,0.0,0.0,0.0,0.0,0.0,0.0,0.0,0.0,1.0,0.0,0.0,0.0,1.0,0.0,0.0,0.0,0.0,0.0,0.0,1.0
0.20224719101123595,58.51685393258427,0.0,1.247191011235955,0.0,0.0,0.0,0.0,0.033707865168539325,0.0,0.0,0.0,0.0,0.0,0.0,0.0,0.0,0.0,0.0,0.0,0.0,1.0,0.0,0.0,0.0,1.0,0.0,0.0,0.0,0.0,0.0,0.0,1.0
0.20224719101123595,58.51685393258427,0.0,1.247191011235955,0.0,0.0,0.0,0.0,0.033707865168539325,0.0,0.0,0.0,0.0,0.0,0.0,0.0,0.0,0.0,0.0,0.0,0.0,1.0,0.0,0.0,0.0,1.0,0.0,0.0,0.0,0.0,0.0,0.0,1.0
0.20224719101123595,58.51685393258427,0.0,1.247191011235955,0.0,0.0,0.0,0.0,0.033707865168539325,0.0,0.0,0.0,0.0,0.0,0.0,0.0,0.0,0.0,0.0,0.0,0.0,1.0,0.0,0.0,0.0,1.0,0.0,0.0,0.0,0.0,0.0,0.0,1.0
0.20224719101123595,58.51685393258427,0.0,1.247191011235955,0.0,0.0,0.0,0.0,0.033707865168539325,0.0,0.0,0.0,0.0,0.0,0.0,0.0,0.0,0.0,0.0,0.0,0.0,1.0,0.0,0.0,0.0,1.0,0.0,0.0,0.0,0.0,0.0,0.0,1.0
0.20224719101123595,58.51685393258427,0.0,1.247191011235955,0.0,0.0,0.0,0.0,0.033707865168539325,0.0,0.0,0.0,0.0,0.0,0.0,0.0,0.0,0.0,0.0,0.0,0.0,1.0,0.0,0.0,0.0,1.0,0.0,0.0,0.0,0.0,0.0,0.0,1.0
0.20224719101123595,58.51685393258427,0.0,1.247191011235955,0.0,0.0,0.0,0.0,0.033707865168539325,0.0,0.0,0.0,0.0,0.0,0.0,0.0,0.0,0.0,0.0,0.0,0.0,1.0,0.0,0.0,0.0,1.0,0.0,0.0,0.0,0.0,0.0,0.0,1.0
0.20224719101123595,58.51685393258427,0.0,1.247191011235955,0.0,0.0,0.0,0.0,0.033707865168539325,0.0,0.0,0.0,0.0,0.0,0.0,0.0,0.0,0.0,0.0,0.0,0.0,1.0,0.0,0.0,0.0,1.0,0.0,0.0,0.0,0.0,0.0,0.0,1.0
0.20224719101123595,58.51685393258427,0.0,1.247191011235955,0.0,0.0,0.0,0.0,0.033707865168539325,0.0,0.0,0.0,0.0,0.0,0.0,0.0,0.0,0.0,0.0,0.0,0.0,1.0,0.0,0.0,0.0,1.0,0.0,0.0,0.0,0.0,0.0,0.0,1.0
