0.0,0.0,5.787234042553192,0.19148936170212766,0.40425531914893614,0.0425531914893617,0.0,0.0,0.0,0.0,0.0,0.0,0.0,0.0,0.0,0.0,0.0,0.851063829787234,26.53191489361702,25.829787234042552,0.3617021276595745,0.0,1.0,0.0,0.0,0.0,0.0,0.0,0.0,1.0,0.0,0.0,0.0
0.0,0.0,5.787234042553192,0.19148936170212766,0.40425531914893614,0.0425531914893617,0.0,0.0,0.0,0.0,0.0,0.0,0.0,0.0,0.0,0.0,0.0,0.851063829787234,26.53191489361702,25.829787234042552,0.3617021276595745,0.0,1.0,0.0,0.0,0.0,0.0,0.0,0.0,1.0,0.0,0.0,0.0
0.0,0.0,5.787234042553192,0.19148936170212766,0.40425531914893614,0.0425531914893617,0.0,0.0,0.0,0.0,0.0,0.0,0.0,0.0,0.0,0.0,0.0,0.851063829787234,26.53191489361702,25.829787234042552,0.3617021276595745,0.0,1.0,0.0,0.0,0.0,0.0,0.0,0.0,1.0,0.0,0.0,0.0
0.0,0.0,5.787234042553192,0.19148936170212766,0.40425531914893614,0.0425531914893617,0.0,0.0,0.0,0.0,0.0,0.0,0.0,0.0,0.0,0.0,0.0,0.851063829787234,26.53191489361702,25.829787234042552,0.3617021276595745,0.0,1.0,0.0,0.0,0.0,0.0,0.0,0.0,1.0,0.0,0.0,0.0
0.0,0.0,5.787234042553192,0.19148936170212766,0.40425531914893614,0.0425531914893617,0.0,0.0,0.0,0.0,0.0,0.0,0.0,0.0,0.0,0.0,0.0,0.851063829787234,26.53191489361702,25.829787234042552,0.3617021276595745,0.0,1.0,0.0,0.0,0.0,0.0,0.0,0.0,1.0,0.0,0.0,0.0
0.0,0.0,5.787234042553192,0.19148936170212766,0.40425531914893614,0.0425531914893617,0.0,0.0,0.0,0.0,0.0,0.0,0.0,0.0,0.0,0.0,0.0,0.851063829787234,26.53191489361702,25.829787234042552,0.3617021276595745,0.0,1.0,0.0,0.0,0.0,0.0,0.0,0.0,1.0,0.0,0.0,0.0
0.0,0.0,5.787234042553192,0.19148936170212766,0.40425531914893614,0.0425531914893617,0.0,0.0,0.0,0.0,0.0,0.0,0.0,0.0,0.0,0.0,0.0,0.851063829787234,26.53191489361702,25.829787234042552,0.3617021276595745,0.0,1.0,0.0,0.0,0.0,0.0,0.0,0.0,1.0,0.0,0.0,0.0
0.0,0.0,5.787234042553192,0.19148936170212766,0.40425531914893614,0.0425531914893617,0.0,0.0,0.0,0.0,0.0,0.0,0.0,0.0,0.0,0.0,0.0,0.851063829787234,26.53191489361702,25.829787234042552,0.3617021276595745,0.0,1.0,0.0,0.0,0.0,0.0,0.0,0.0,1.0,0.0,0.0,0.0
0.0,0.0,5.787234042553192,0.19148936170212766,0.40425531914893614,0.0425531914893617,0.0,0.0,0.0,0.0,0.0,0.0,0.0,0.0,0.0,0.0,0.0,0.851063829787234,26.53191489361702,25.829787234042552,0.3617021276595745,0.0,1.0,0.0,0.0,0.0,0.0,0.0,0.0,1.0,0.0,0.0,0.0
0.0,0.0,5.787234042553192,0.19148936170212766,0.40425531914893614,0.0425531914893617,0.0,0.0,0.0,0.0,0.0,0.0,0.0,0.0,0.0,0.0,0.0,0.851063829787234,26.53191489361702,25.829787234042552,0.3617021276595745,0.0,1.0,0.0,0.0,0.0,0.0,0.0,0.0,1.0,0.0,0.0,0.0
0.0,0.0,5.787234042553192,0.19148936170212766,0.40425531914893614,0.0425531914893617,0.0,0.0,0.0,0.0,0.0,0.0,0.0,0.0,0.0,0.0,0.0,0.851063829787234,26.53191489361702,25.829787234042552,0.3617021276595745,0.0,1.0,0.0,0.0,0.0,0.0,0.0,0.0,1.0,0.0,0.0,0.0
0.0,0.0,5.787234042553192,0.19148936170212766,0.40425531914893614,0.0425531914893617,0.0,0.0,0.0,0.0,0.0,0.0,0.0,0.0,0.0,0.0,0.0,0.851063829787234,26.53191489361702,25.829787234042552,0.3617021276595745,0.0,1.0,0.0,0.0,0.0,0.0,0.0,0.0,1.0,0.0,0.0,0.0
0.0,0.0,5.787234042553192,0.19148936170212766,0.40425531914893614,0.0425531914893617,0.0,0.0,0.0,0.0,0.0,0.0,0.0,0.0,0.0,0.0,0.0,0.851063829787234,26.53191489361702,25.829787234042552,0.3617021276595745,0.0,1.0,0.0,0.0,0.0,0.0,0.0,0.0,1.0,0.0,0.0,0.0
0.0,0.0,5.787234042553192,0.19148936170212766,0.40425531914893614,0.0425531914893617,0.0,0.0,0.0,0.0,0.0,0.0,0.0,0.0,0.0,0.0,0.0,0.851063829787234,26.53191489361702,25.829787234042552,0.3617021276595745,0.0,1.0,0.0,0.0,0.0,0.0,0.0,0.0,1.0,0.0,0.0,0.0
0.0,0.0,5.787234042553192,0.19148936170212766,0.40425531914893614,0.0425531914893617,0.0,0.0,0.0,0.0,0.0,0.0,0.0,0.0,0.0,0.0,0.0,0.851063829787234,26.53191489361702,25.829787234042552,0.3617021276595745,0.0,1.0,0.0,0.0,0.0,0.0,0.0,0.0,1.0,0.0,0.0,0.0
0.0,0.0,5.787234042553192,0.19148936170212766,0.40425531914893614,0.0425531914893617,0.0,0.0,0.0,0.0,0.0,0.0,0.0,0.0,0.0,0.0,0.0,0.851063829787234,26.53191489361702,25.829787234042552,0.3617021276595745,0.0,1.0,0.0,0.0,0.0,0.0,0.0,0.0,1.0,0.0,0.0,0.0
0.0,0.0,5.787234042553192,0.19148936170212766,0.40425531914893614,0.0425531914893617,0.0,0.0,0.0,0.0,0.0,0.0,0.0,0.0,0.0,0.0,0.0,0.851063829787234,26.53191489361702,25.829787234042552,0.3617021276595745,0.0,1.0,0.0,0.0,0.0,0.0,0.0,0.0,1.0,0.0,0.0,0.0
0.0,0.0,5.787234042553192,0.19148936170212766,0.40425531914893614,0.0425531914893617,0.0,0.0,0.0,0.0,0.0,0.0,0.0,0.0,0.0,0.0,0.0,0.851063829787234,26.53191489361702,25.829787234042552,0.3617021276595745,0.0,1.0,0.0,0.0,0.0,0.0,0.0,0.0,1.0,0.0,0.0,0.0
0.0,0.0,5.787234042553192,0.19148936170212766,0.40425531914893614,0.0425531914893617,0.0,0.0,0.0,0.0,0.0,0.0,0.0,0.0,0.0,0.0,0.0,0.851063829787234,26.53191489361702,25.829787234042552,0.3617021276595745,0.0,1.0,0.0,0.0,0.0,0.0,0.0,0.0,1.0,0.0,0.0,0.0
0.0,0.0,5.787234042553192,0.19148936170212766,0.40425531914893614,0.0425531914893617,0.0,0.0,0.0,0.0,0.0,0.0,0.0,0.0,0.0,0.0,0.0,0.851063829787234,26.53191489361702,25.829787234042552,0.3617021276595745,0.0,1.0,0.0,0.0,0.0,0.0,0.0,0.0,1.0,0.0,0.0,0.0
0.0,0.0,5.787234042553192,0.19148936170212766,0.40425531914893614,0.0425531914893617,0.0,0.0,0.0,0.0,0.0,0.0,0.0,0.0,0.0,0.0,0.0,0.851063829787234,26.53191489361702,25.829787234042552,0.3617021276595745,0.0,1.0,0.0,0.0,0.0,0.0,0.0,0.0,1.0,0.0,0.0,0.0
0.0,0.0,5.787234042553192,0.19148936170212766,0.40425531914893614,0.0425531914893617,0.0,0.0,0.0,0.0,0.0,0.0,0.0,0.0,0.0,0.0,0.0,0.851063829787234,26.53191489361702,25.829787234042552,0.3617021276595745,0.0,1.0,0.0,0.0,0.0,0.0,0.0,0.0,1.0,0.0,0.0,0.0
0.0,0.0,5.787234042553192,0.19148936170212766,0.40425531914893614,0.0425531914893617,0.0,0.0,0.0,0.0,0.0,0.0,0.0,0.0,0.0,0.0,0.0,0.851063829787234,26.53191489361702,25.829787234042552,0.3617021276595745,0.0,1.0,0.0,0.0,0.0,0.0,0.0,0.0,1.0,0.0,0.0,0.0
0.0,0.0,5.787234042553192,0.19148936170212766,0.40425531914893614,0.0425531914893617,0.0,0.0,0.0,0.0,0.0,0.0,0.0,0.0,0.0,0.0,0.0,0.851063829787234,26.53191489361702,25.829787234042552,0.3617021276595745,0.0,1.0,0.0,0.0,0.0,0.0,0.0,0.0,1.0,0.0,0.0,0.0
0.0,0.0,5.787234042553192,0.19148936170212766,0.40425531914893614,0.0425531914893617,0.0,0.0,0.0,0.0,0.0,0.0,0.0,0.0,0.0,0.0,0.0,0.851063829787234,26.53191489361702,25.829787234042552,0.3617021276595745,0.0,1.0,0.0,0.0,0.0,0.0,0.0,0.0,1.0,0.0,0.0,0.0
0.0,0.0,5.787234042553192,0.19148936170212766,0.40425531914893614,0.0425531914893617,0.0,0.0,0.0,0.0,0.0,0.0,0.0,0.0,0.0,0.0,0.0,0.851063829787234,26.53191489361702,25.829787234042552,0.3617021276595745,0.0,1.0,0.0,0.0,0.0,0.0,0.0,0.0,1.0,0.0,0.0,0.0
0.0,0.0,5.787234042553192,0.19148936170212766,0.40425531914893614,0.0425531914893617,0.0,0.0,0.0,0.0,0.0,0.0,0.0,0.0,0.0,0.0,0.0,0.851063829787234,26.53191489361702,25.829787234042552,0.3617021276595745,0.0,1.0,0.0,0.0,0.0,0.0,0.0,0.0,1.0,0.0,0.0,0.0
0.0,0.0,5.787234042553192,0.19148936170212766,0.40425531914893614,0.0425531914893617,0.0,0.0,0.0,0.0,0.0,0.0,0.0,0.0,0.0,0.0,0.0,0.851063829787234,26.53191489361702,25.829787234042552,0.3617021276595745,0.0,1.0,0.0,0.0,0.0,0.0,0.0,0.0,1.0,0.0,0.0,0.0
0.0,0.0,5.787234042553192,0.19148936170212766,0.40425531914893614,0.0425531914893617,0.0,0.0,0.0,0.0,0.0,0.0,0.0,0.0,0.0,0.0,0.0,0.851063829787234,26.53191489361702,25.829787234042552,0.3617021276595745,0.0,1.0,0.0,0.0,0.0,0.0,0.0,0.0,1.0,0.0,0.0,0.0
0.0,0.0,5.787234042553192,0.19148936170212766,0.40425531914893614,0.0425531914893617,0.0,0.0,0.0,0.0,0.0,0.0,0.0,0.0,0.0,0.0,0.0,0.851063829787234,26.53191489361702,25.829787234042552,0.3617021276595745,0.0,1.0,0.0,0.0,0.0,0.0,0.0,0.0,1.0,0.0,0.0,0.0
0.0,0.0,5.787234042553192,0.19148936170212766,0.40425531914893614,0.0425531914893617,0.0,0.0,0.0,0.0,0.0,0.0,0.0,0.0,0.0,0.0,0.0,0.851063829787234,26.53191489361702,25.829787234042552,0.3617021276595745,0.0,1.0,0.0,0.0,0.0,0.0,0.0,0.0,1.0,0.0,0.0,0.0
0.0,0.0,5.787234042553192,0.19148936170212766,0.40425531914893614,0.0425531914893617,0.0,0.0,0.0,0.0,0.0,0.0,0.0,0.0,0.0,0.0,0.0,0.851063829787234,26.53191489361702,25.829787234042552,0.3617021276595745,0.0,1.0,0.0,0.0,0.0,0.0,0.0,0.0,1.0,0.0,0.0,0.0
0.0,0.0,5.787234042553192,0.19148936170212766,0.40425531914893614,0.0425531914893617,0.0,0.0,0.0,0.0,0.0,0.0,0.0,0.0,0.0,0.0,0.0,0.851063829787234,26.53191489361702,25.829787234042552,0.3617021276595745,0.0,1.0,0.0,0.0,0.0,0.0,0.0,0.0,1.0,0.0,0.0,0.0
0.0,0.0,5.787234042553192,0.19148936170212766,0.40425531914893614,0.0425531914893617,0.0,0.0,0.0,0.0,0.0,0.0,0.0,0.0,0.0,0.0,0.0,0.851063829787234,26.53191489361702,25.829787234042552,0.3617021276595745,0.0,1.0,0.0,0.0,0.0,0.0,0.0,0.0,1.0,0.0,0.0,0.0
0.0,0.0,5.787234042553192,0.19148936170212766,0.40425531914893614,0.0425531914893617,0.0,0.0,0.0,0.0,0.0,0.0,0.0,0.0,0.0,0.0,0.0,0.851063829787234,26.53191489361702,25.829787234042552,0.3617021276595745,0.0,1.0,0.0,0.0,0.0,0.0,0.0,0.0,1.0,0.0,0.0,0.0
0.0,0.0,5.787234042553192,0.19148936170212766,0.40425531914893614,0.0425531914893617,0.0,0.0,0.0,0.0,0.0,0.0,0.0,0.0,0.0,0.0,0.0,0.851063829787234,26.53191489361702,25.829787234042552,0.3617021276595745,0.0,1.0,0.0,0.0,0.0,0.0,0.0,0.0,1.0,0.0,0.0,0.0
0.0,0.0,5.787234042553192,0.19148936170212766,0.40425531914893614,0.0425531914893617,0.0,0.0,0.0,0.0,0.0,0.0,0.0,0.0,0.0,0.0,0.0,0.851063829787234,26.53191489361702,25.829787234042552,0.3617021276595745,0.0,1.0,0.0,0.0,0.0,0.0,0.0,0.0,1.0,0.0,0.0,0.0
0.0,0.0,5.787234042553192,0.19148936170212766,0.40425531914893614,0.0425531914893617,0.0,0.0,0.0,0.0,0.0,0.0,0.0,0.0,0.0,0.0,0.0,0.851063829787234,26.53191489361702,25.829787234042552,0.3617021276595745,0.0,1.0,0.0,0.0,0.0,0.0,0.0,0.0,1.0,0.0,0.0,0.0
0.0,0.0,5.787234042553192,0.19148936170212766,0.40425531914893614,0.0425531914893617,0.0,0.0,0.0,0.0,0.0,0.0,0.0,0.0,0.0,0.0,0.0,0.851063829787234,26.53191489361702,25.829787234042552,0.3617021276595745,0.0,1.0,0.0,0.0,0.0,0.0,0.0,0.0,1.0,0.0,0.0,0.0
0.0,0.0,5.787234042553192,0.19148936170212766,0.40425531914893614,0.0425531914893617,0.0,0.0,0.0,0.0,0.0,0.0,0.0,0.0,0.0,0.0,0.0,0.851063829787234,26.53191489361702,25.829787234042552,0.3617021276595745,0.0,1.0,0.0,0.0,0.0,0.0,0.0,0.0,1.0,0.0,0.0,0.0
0.0,0.0,5.787234042553192,0.19148936170212766,0.40425531914893614,0.0425531914893617,0.0,0.0,0.0,0.0,0.0,0.0,0.0,0.0,0.0,0.0,0.0,0.851063829787234,26.53191489361702,25.829787234042552,0.3617021276595745,0.0,1.0,0.0,0.0,0.0,0.0,0.0,0.0,1.0,0.0,0.0,0.0
0.0,0.0,5.787234042553192,0.19148936170212766,0.40425531914893614,0.0425531914893617,0.0,0.0,0.0,0.0,0.0,0.0,0.0,0.0,0.0,0.0,0.0,0.851063829787234,26.53191489361702,25.829787234042552,0.3617021276595745,0.0,1.0,0.0,0.0,0.0,0.0,0.0,0.0,1.0,0.0,0.0,0.0
0.0,0.0,5.787234042553192,0.19148936170212766,0.40425531914893614,0.0425531914893617,0.0,0.0,0.0,0.0,0.0,0.0,0.0,0.0,0.0,0.0,0.0,0.851063829787234,26.53191489361702,25.829787234042552,0.3617021276595745,0.0,1.0,0.0,0.0,0.0,0.0,0.0,0.0,1.0,0.0,0.0,0.0
0.0,0.0,5.787234042553192,0.19148936170212766,0.40425531914893614,0.0425531914893617,0.0,0.0,0.0,0.0,0.0,0.0,0.0,0.0,0.0,0.0,0.0,0.851063829787234,26.53191489361702,25.829787234042552,0.3617021276595745,0.0,1.0,0.0,0.0,0.0,0.0,0.0,0.0,1.0,0.0,0.0,0.0
0.0,0.0,5.787234042553192,0.19148936170212766,0.40425531914893614,0.0425531914893617,0.0,0.0,0.0,0.0,0.0,0.0,0.0,0.0,0.0,0.0,0.0,0.851063829787234,26.53191489361702,25.829787234042552,0.3617021276595745,0.0,1.0,0.0,0.0,0.0,0.0,0.0,0.0,1.0,0.0,0.0,0.0
0.0,0.0,5.787234042553192,0.19148936170212766,0.40425531914893614,0.0425531914893617,0.0,0.0,0.0,0.0,0.0,0.0,0.0,0.0,0.0,0.0,0.0,0.851063829787234,26.53191489361702,25.829787234042552,0.3617021276595745,0.0,1.0,0.0,0.0,0.0,0.0,0.0,0.0,1.0,0.0,0.0,0.0
0.0,0.0,5.787234042553192,0.19148936170212766,0.40425531914893614,0.0425531914893617,0.0,0.0,0.0,0.0,0.0,0.0,0.0,0.0,0.0,0.0,0.0,0.851063829787234,26.53191489361702,25.829787234042552,0.3617021276595745,0.0,1.0,0.0,0.0,0.0,0.0,0.0,0.0,1.0,0.0,0.0,0.0
