1.995125483495474E-10,6.868895564716328E-12,0.9999999234819611,6.337352416349741E-10,3.063946233612265E-8,4.4520353256576154E-8,5.181066169596264E-10,Predicted Result:,2,0,0,1,0,0,0,0,Exercise,1,0,0,0,0,0,0,0,0,0
0.004235717577635704,1.177424507223938E-9,0.995754578862518,3.879680705725219E-8,5.252031203971488E-6,4.360805439126757E-6,5.074897183012288E-8,Predicted Result:,2,0,0,1,0,0,0,0,Exercise,1,0,0,0,0,0,0,0,0,0
0.9999889286515425,1.5597294016873822E-10,1.0411885356649633E-5,6.852529430112527E-10,4.6382294219769083E-7,1.925580342675554E-7,2.2408984746324414E-9,Predicted Result:,0,1,0,0,0,0,0,0,Exercise,1,0,0,0,0,0,0,0,0,0
0.9999987405848959,4.138510196215687E-10,8.391516149763956E-7,4.3637204584060557E-10,2.9536446104875564E-7,1.2262179128646173E-7,1.427013866732052E-9,Predicted Result:,0,1,0,0,0,0,0,0,Exercise,1,0,0,0,0,0,0,0,0,0
0.9999993606843528,3.2073473908694037E-10,2.322653231626934E-7,4.227356815387826E-10,2.8613449906780546E-7,1.1878993396826107E-7,1.3824205406111004E-9,Predicted Result:,0,1,0,0,0,0,0,0,Exercise,1,0,0,0,0,0,0,0,0,0
0.999999206546638,8.299626891840855E-11,2.671249321984617E-7,5.469548513437951E-10,3.7021396403615514E-7,1.536958754895251E-7,1.7886392237632423E-9,Predicted Result:,0,1,0,0,0,0,0,0,Exercise,1,0,0,0,0,0,0,0,0,0
0.9999993947359118,6.3311422499185E-11,2.0376891230034023E-7,4.172294746823384E-10,2.824075467204251E-7,1.1724267411427455E-7,1.3644142691000358E-9,Predicted Result:,0,1,0,0,0,0,0,0,Exercise,1,0,0,0,0,0,0,0,0,0
0.9999978321110661,1.9325800844931432E-10,1.5550106371476619E-6,6.367961274545393E-10,4.310242756756901E-7,1.7894153068938246E-7,2.082436106576911E-9,Predicted Result:,0,1,0,0,0,0,0,0,Exercise,1,0,0,0,0,0,0,0,0,0
0.9999986406634617,1.021280400052801E-9,9.73928502309065E-7,3.9883579177672145E-10,2.699575277747167E-7,1.1207399668012202E-7,1.956395503027604E-9,Predicted Result:,0,1,0,0,0,0,0,0,Exercise,1,0,0,0,0,0,0,0,0,0
0.9999993320465158,5.8839718274185E-10,2.2444640547763474E-7,4.5956792326469275E-10,3.1106491184359723E-7,1.2913989909684915E-7,2.2543027404975663E-9,Predicted Result:,0,1,0,0,0,0,0,0,Exercise,1,0,0,0,0,0,0,0,0,0
0.9999973354200334,2.959520300015467E-10,1.4111507345639363E-6,1.3002383575594239E-9,8.800843348610601E-7,3.653706923326019E-7,6.378014531397243E-9,Predicted Result:,0,1,0,0,0,0,0,0,Exercise,1,0,0,0,0,0,0,0,0,0
0.9999977996157463,2.5748623581029267E-10,1.4732869680393636E-6,7.54161590172692E-10,5.1046471410882E-7,2.1192156094307447E-7,3.6993629307872898E-9,Predicted Result:,0,1,0,0,0,0,0,0,Exercise,1,0,0,0,0,0,0,0,0,0
0.9999996160903089,8.997236537075828E-11,2.1450194053544697E-7,1.7568240602716855E-10,1.1891306894331879E-7,4.936725789361299E-8,8.617688687905841E-10,Predicted Result:,0,1,0,0,0,0,0,0,Exercise,1,0,0,0,0,0,0,0,0,0
0.9999978491108543,2.5113492109115735E-10,1.7961824507779853E-6,3.6777948700674025E-10,2.4893663789871893E-7,1.0334708633390707E-7,1.8040560785183131E-9,Predicted Result:,0,1,0,0,0,0,0,0,Exercise,1,0,0,0,0,0,0,0,0,0
0.9999948996585557,3.07587001629424E-10,4.124892099990536E-6,1.0135166612996586E-9,6.860127849209721E-7,2.848010767231002E-7,3.3143789654379844E-9,Predicted Result:,0,1,0,0,0,0,0,0,Exercise,1,0,0,0,0,0,0,0,0,0
0.999999829972753,1.2600348944538503E-11,9.012098177989514E-8,8.303773258307757E-11,5.620523900396353E-8,2.333384003572739E-8,2.715480906432232E-10,Predicted Result:,0,1,0,0,0,0,0,0,Exercise,1,0,0,0,0,0,0,0,0,0
0.9999998035032798,2.3587434197629835E-11,1.3664981953210118E-7,6.217754958395522E-11,4.2085735319781535E-8,1.7472069030228543E-8,2.0333159812022906E-10,Predicted Result:,0,1,0,0,0,0,0,0,Exercise,1,0,0,0,0,0,0,0,0,0
0.9999990300065856,1.974253877980456E-10,6.354170376219265E-7,3.4694820233480224E-10,2.3483669444741834E-7,9.749343584089434E-8,1.7018730937041915E-9,Predicted Result:,0,1,0,0,0,0,0,0,Exercise,1,0,0,0,0,0,0,0,0,0
0.9999990282590102,1.4680349323289735E-10,3.4999228981116927E-7,6.449678109122308E-10,4.3655539276577814E-7,1.812377970817359E-7,3.1637384379299666E-9,Predicted Result:,0,1,0,0,0,0,0,0,Exercise,1,0,0,0,0,0,0,0,0,0
0.9999978436405371,2.5406986470710765E-10,5.451521798706005E-7,1.6743493038041262E-9,1.1333065086076116E-6,4.704969367967794E-7,5.475418732838545E-9,Predicted Result:,0,1,0,0,0,0,0,0,Exercise,1,0,0,0,0,0,0,0,0,0
0.9999989602232118,5.435826842697393E-10,3.4990606100020503E-7,7.164543421819995E-10,4.84942041227811E-7,2.013257165548375E-7,2.342932575355707E-9,Predicted Result:,0,1,0,0,0,0,0,0,Exercise,1,0,0,0,0,0,0,0,0,0
0.9999978179843046,5.662313160158375E-10,1.8224253194745464E-6,3.731528769885438E-10,2.525736913056302E-7,1.0485702426677985E-7,1.2202759891461035E-9,Predicted Result:,0,1,0,0,0,0,0,0,Exercise,1,0,0,0,0,0,0,0,0,0
0.9999881905875575,6.130338694675239E-10,9.865300751231487E-6,2.0199814600582246E-9,1.3672524190437631E-6,5.676205599299863E-7,6.605697091556973E-9,Predicted Result:,0,1,0,0,0,0,0,0,Exercise,1,0,0,0,0,0,0,0,0,0
0.9999971868574918,2.645684456770953E-10,1.1353575132123847E-6,1.7435361463999335E-9,1.1801365809502918E-6,4.899386371840261E-7,5.701671960378545E-9,Predicted Result:,0,1,0,0,0,0,0,0,Exercise,1,0,0,0,0,0,0,0,0,0
0.9999994083178873,9.283123979120734E-11,1.991859711131313E-7,4.078456186149277E-10,2.7605595381635334E-7,1.1460578375631426E-7,1.3337273979781976E-9,Predicted Result:,0,1,0,0,0,0,0,0,Exercise,1,0,0,0,0,0,0,0,0,0
0.9999962982782524,1.1195036923497283E-9,1.334497061695151E-6,2.4592188845494335E-9,1.6645563513052148E-6,6.910475308016487E-7,8.042081253901477E-9,Predicted Result:,0,1,0,0,0,0,0,0,Exercise,1,0,0,0,0,0,0,0,0,0
0.9999985593539367,6.920024734022239E-10,6.599176215295139E-7,8.107333335184982E-10,5.487560818607126E-7,2.278183824085763E-7,2.6512415728296168E-9,Predicted Result:,0,1,0,0,0,0,0,0,Exercise,1,0,0,0,0,0,0,0,0,0
0.9999960524377476,3.8420827333031823E-10,3.297549325310347E-6,6.751936579224075E-10,4.570141758088829E-7,1.8973134642539371E-7,2.208002830999845E-9,Predicted Result:,0,1,0,0,0,0,0,0,Exercise,1,0,0,0,0,0,0,0,0,0
0.9999961259531956,2.7153048512815647E-10,3.1072909502279517E-6,7.952963458426556E-10,5.383073430182952E-7,2.234805447790932E-7,3.901139834138033E-9,Predicted Result:,0,1,0,0,0,0,0,0,Exercise,1,0,0,0,0,0,0,0,0,0
0.9999981748545079,3.672224189570137E-10,6.566176276679401E-7,1.21001875256127E-9,8.190179460758031E-7,3.400187256347245E-7,7.913951204695027E-9,Predicted Result:,0,1,0,0,0,0,0,0,Exercise,1,0,0,0,0,0,0,0,0,0
0.9999981506153063,2.8983028713034256E-10,6.218825400791745E-7,1.2733430363946592E-9,8.618798643495178E-7,3.57813030264454E-7,6.246085836771246E-9,Predicted Result:,0,1,0,0,0,0,0,0,Exercise,1,0,0,0,0,0,0,0,0,0
0.9999971581473507,2.972615379294492E-10,9.567414198182388E-7,1.9589873425306195E-9,1.3259677060969199E-6,5.504810386879428E-7,6.4062355258342E-9,Predicted Result:,0,1,0,0,0,0,0,0,Exercise,1,0,0,0,0,0,0,0,0,0
0.9999786842858652,2.4251658792988887E-10,1.9773777482751674E-5,5.593741635751176E-9,1.081771849892557E-6,4.491021077014867E-7,5.226435925825281E-9,Predicted Result:,0,1,0,0,0,0,0,0,Exercise,1,0,0,0,0,0,0,0,0,0
0.9999559609529066,3.1909352240767817E-10,4.336256172674751E-5,2.4533397037341882E-9,4.7445055609322897E-7,1.9697013262341278E-7,2.2922443689399794E-9,Predicted Result:,0,1,0,0,0,0,0,0,Exercise,1,0,0,0,0,0,0,0,0,0
0.9999928977347163,1.248056320485988E-9,4.4632121464138E-6,2.7416110311141393E-9,1.8556973855887893E-6,7.704005305803047E-7,8.965553581808205E-9,Predicted Result:,0,1,0,0,0,0,0,0,Exercise,1,0,0,0,0,0,0,0,0,0
0.9999959514314768,7.154827479063627E-10,1.0234638416673182E-6,3.143408453711266E-9,2.127659534189715E-6,8.833067539802127E-7,1.027950230773781E-8,Predicted Result:,0,1,0,0,0,0,0,0,Exercise,1,0,0,0,0,0,0,0,0,0
0.9999996314845426,4.325594555471657E-11,1.8562668216515396E-7,1.9004106713662542E-10,1.286319275191366E-7,5.3402082677864834E-8,6.214679437823182E-10,Predicted Result:,0,1,0,0,0,0,0,0,Exercise,1,0,0,0,0,0,0,0,0,0
0.9999996330228399,3.451320952187676E-11,1.4810848525587558E-7,2.274459759389064E-10,1.5394995793443883E-7,6.391296889060174E-8,7.437886195760749E-10,Predicted Result:,0,1,0,0,0,0,0,0,Exercise,1,0,0,0,0,0,0,0,0,0
0.999999471923011,4.132502053329861E-11,2.6601059185147427E-7,2.723365852119203E-10,1.8433478835715042E-7,7.652735831693721E-8,8.905888615468209E-10,Predicted Result:,0,1,0,0,0,0,0,0,Exercise,1,0,0,0,0,0,0,0,0,0
0.9999987122439314,1.294244165379192E-10,7.405417444212468E-7,5.686144162838528E-10,3.848745404549518E-7,1.5978227510368976E-7,1.8594698367951085E-9,Predicted Result:,0,1,0,0,0,0,0,0,Exercise,1,0,0,0,0,0,0,0,0,0
0.9999963743508985,1.274501387480377E-9,2.1877359140743427E-6,1.4931749497458753E-9,1.0106761386001785E-6,4.195864258198451E-7,4.882946511022804E-9,Predicted Result:,0,1,0,0,0,0,0,0,Exercise,1,0,0,0,0,0,0,0,0,0
0.999997736667725,9.950928235612541E-10,1.138746142509042E-6,1.1658266451565038E-9,7.891059063135951E-7,3.2760061722841637E-7,5.71868937773209E-9,Predicted Result:,0,1,0,0,0,0,0,0,Exercise,1,0,0,0,0,0,0,0,0,0
0.9999933873936864,2.7755725088437857E-10,6.087829655816637E-6,2.7098279258432007E-9,3.668369101347599E-7,1.52293877438745E-7,2.6584851596764313E-9,Predicted Result:,0,1,0,0,0,0,0,0,Exercise,1,0,0,0,0,0,0,0,0,0
0.9999895298616532,3.806484756888789E-10,9.392615236247333E-6,5.5744816577838925E-9,7.546330183707254E-7,3.1328905362539076E-7,3.6459084403234867E-9,Predicted Result:,0,1,0,0,0,0,0,0,Exercise,1,0,0,0,0,0,0,0,0,0
0.9999955436102725,5.604922305601723E-10,9.019769866468287E-7,3.693707544212212E-9,2.500137092803068E-6,1.0379423702252163E-6,1.207907778577401E-8,Predicted Result:,0,1,0,0,0,0,0,0,Exercise,1,0,0,0,0,0,0,0,0,0
0.9999881252497026,1.3938453384640005E-9,5.981487222450603E-6,6.123732868353088E-9,4.144933378544514E-6,1.72078642716693E-6,2.0025690927275066E-8,Predicted Result:,0,1,0,0,0,0,0,0,Exercise,1,0,0,0,0,0,0,0,0,0
0.9999420529199179,9.684995553078736E-9,4.1561768405431715E-5,1.702005924485506E-8,1.1520262752374706E-5,4.7826852620358685E-6,5.565860780159127E-8,Predicted Result:,0,1,0,0,0,0,0,0,Exercise,1,0,0,0,0,0,0,0,0,0
0.9999403666101789,8.716481298232783E-9,4.488663418087284E-5,1.5318027487935494E-8,1.0368218992098936E-5,4.304409476845505E-6,5.009266254479812E-8,Predicted Result:,0,1,0,0,0,0,0,0,Exercise,1,0,0,0,0,0,0,0,0,0
0.9998728018540153,7.437561460096381E-9,9.575168265761833E-5,3.2676250597343246E-8,2.2117372638274226E-5,9.182119750715986E-6,1.0685712606868943E-7,Predicted Result:,0,1,0,0,0,0,0,0,Exercise,1,0,0,0,0,0,0,0,0,0
0.9999898991415659,5.256576129118579E-10,6.767352607187078E-6,3.4641434521663123E-9,2.3447534586550588E-6,9.734342046585946E-7,1.1328362551432302E-8,Predicted Result:,0,1,0,0,0,0,0,0,Exercise,1,0,0,0,0,0,0,0,0,0
0.9999998025360975,2.3158571735092307E-11,9.938168683500462E-8,1.017450810393196E-10,6.886756682054083E-8,2.8590658385545642E-8,4.990866494545926E-10,Predicted Result:,0,1,0,0,0,0,0,0,Exercise,1,0,0,0,0,0,0,0,0,0
0.999999715030622,5.01288848624871E-11,1.4341394318951843E-7,1.4682446773328857E-10,9.93801738543508E-8,4.125809480636977E-8,7.202130158080316E-10,Predicted Result:,0,1,0,0,0,0,0,0,Exercise,1,0,0,0,0,0,0,0,0,0
0.99999921166559,1.1883996895174042E-10,4.533197071973632E-7,3.4807507158072055E-10,2.3559943149875036E-7,9.781008931768542E-8,1.1382671244507241E-9,Predicted Result:,0,1,0,0,0,0,0,0,Exercise,1,0,0,0,0,0,0,0,0,0
0.9999994802744104,1.0871659339126475E-10,1.749531214868085E-7,3.5822735739183686E-10,2.424711467142341E-7,1.0066291062848611E-7,1.171466896914583E-9,Predicted Result:,0,1,0,0,0,0,0,0,Exercise,1,0,0,0,0,0,0,0,0,0
0.9999988599294692,1.6082326323527738E-10,4.600999683203851E-7,7.065623967684595E-10,4.782465410148812E-7,1.985460516393184E-7,2.31058416209543E-9,Predicted Result:,0,1,0,0,0,0,0,0,Exercise,1,0,0,0,0,0,0,0,0,0
0.9999688892424714,1.477808986740945E-9,2.6424188202361298E-5,4.869464646897334E-9,3.2959645667876922E-6,1.3683334743835198E-6,1.5924011725593782E-8,Predicted Result:,0,1,0,0,0,0,0,0,Exercise,1,0,0,0,0,0,0,0,0,0
0.9999870666684357,1.600988837887807E-9,9.542241417485247E-6,3.516899507335252E-9,2.3804621250332368E-6,9.882588068474586E-7,1.7251326291697022E-8,Predicted Result:,0,1,0,0,0,0,0,0,Exercise,1,0,0,0,0,0,0,0,0,0
0.9999994934774744,7.938076355481248E-11,1.7032557694941828E-7,3.487521732011195E-10,2.3605773710529782E-7,9.800035680699413E-8,1.7107220499995435E-9,Predicted Result:,0,1,0,0,0,0,0,0,Exercise,1,0,0,0,0,0,0,0,0,0
0.9996633720319013,3.0755552953241736E-4,1.6114791297459173E-5,1.3198413500112187E-8,8.933528917167485E-6,3.708791892033964E-6,3.0212804611760356E-7,Predicted Result:,0,1,0,0,0,0,0,0,Exercise,1,0,0,0,0,0,0,0,0,0
2.0753684502818305E-11,0.9999999999219635,4.8096362918156386E-11,7.162202429842804E-15,4.84783587944597E-12,2.0125993401162315E-12,2.3187453594187612E-12,Predicted Result:,1,0,1,0,0,0,0,0,Other,0,0,0,0,0,0,0,0,0,1
1.6745593959450782E-18,0.9999999999999973,2.381291624563766E-15,1.6074204923691467E-19,1.0880048159198866E-16,4.516897496154295E-17,1.4350380592401548E-16,Predicted Result:,1,0,1,0,0,0,0,0,Other,0,0,0,0,0,0,0,0,0,1
1.6745593959450782E-18,0.9999999999999973,2.381291624563766E-15,1.6074204923691467E-19,1.0880048159198866E-16,4.516897496154295E-17,1.4350380592401548E-16,Predicted Result:,1,0,1,0,0,0,0,0,Other,0,0,0,0,0,0,0,0,0,1
1.6745593959450782E-18,0.9999999999999973,2.381291624563766E-15,1.6074204923691467E-19,1.0880048159198866E-16,4.516897496154295E-17,1.4350380592401548E-16,Predicted Result:,1,0,1,0,0,0,0,0,Other,0,0,0,0,0,0,0,0,0,1
1.6745593959450782E-18,0.9999999999999973,2.381291624563766E-15,1.6074204923691467E-19,1.0880048159198866E-16,4.516897496154295E-17,1.4350380592401548E-16,Predicted Result:,1,0,1,0,0,0,0,0,Other,0,0,0,0,0,0,0,0,0,1
1.3679862141837207E-17,0.9999999999999793,1.806379789433857E-14,1.5518914207686612E-18,1.0504191949753317E-15,4.3608592188853966E-16,1.0160069459097547E-15,Predicted Result:,1,0,1,0,0,0,0,0,Other,0,0,0,0,0,0,0,0,0,1
1.3679862141837207E-17,0.9999999999999793,1.806379789433857E-14,1.5518914207686612E-18,1.0504191949753317E-15,4.3608592188853966E-16,1.0160069459097547E-15,Predicted Result:,1,0,1,0,0,0,0,0,Other,0,0,0,0,0,0,0,0,0,1
1.6745593959450782E-18,0.9999999999999973,2.381291624563766E-15,1.6074204923691467E-19,1.0880048159198866E-16,4.516897496154295E-17,1.4350380592401548E-16,Predicted Result:,1,0,1,0,0,0,0,0,Other,0,0,0,0,0,0,0,0,0,1
1.6745593959450782E-18,0.9999999999999973,2.381291624563766E-15,1.6074204923691467E-19,1.0880048159198866E-16,4.516897496154295E-17,1.4350380592401548E-16,Predicted Result:,1,0,1,0,0,0,0,0,Other,0,0,0,0,0,0,0,0,0,1
1.6745593959450782E-18,0.9999999999999973,2.381291624563766E-15,1.6074204923691467E-19,1.0880048159198866E-16,4.516897496154295E-17,1.4350380592401548E-16,Predicted Result:,1,0,1,0,0,0,0,0,Other,0,0,0,0,0,0,0,0,0,1
1.6745593959450782E-18,0.9999999999999973,2.381291624563766E-15,1.6074204923691467E-19,1.0880048159198866E-16,4.516897496154295E-17,1.4350380592401548E-16,Predicted Result:,1,0,1,0,0,0,0,0,Other,0,0,0,0,0,0,0,0,0,1
1.6745593959450782E-18,0.9999999999999973,2.381291624563766E-15,1.6074204923691467E-19,1.0880048159198866E-16,4.516897496154295E-17,1.4350380592401548E-16,Predicted Result:,1,0,1,0,0,0,0,0,Other,0,0,0,0,0,0,0,0,0,1
1.6745593959450782E-18,0.9999999999999973,2.381291624563766E-15,1.6074204923691467E-19,1.0880048159198866E-16,4.516897496154295E-17,1.4350380592401548E-16,Predicted Result:,1,0,1,0,0,0,0,0,Other,0,0,0,0,0,0,0,0,0,1
1.6745593959450782E-18,0.9999999999999973,2.381291624563766E-15,1.6074204923691467E-19,1.0880048159198866E-16,4.516897496154295E-17,1.4350380592401548E-16,Predicted Result:,1,0,1,0,0,0,0,0,Other,0,0,0,0,0,0,0,0,0,1
1.6745593959450782E-18,0.9999999999999973,2.381291624563766E-15,1.6074204923691467E-19,1.0880048159198866E-16,4.516897496154295E-17,1.4350380592401548E-16,Predicted Result:,1,0,1,0,0,0,0,0,Other,0,0,0,0,0,0,0,0,0,1
1.6745593959450782E-18,0.9999999999999973,2.381291624563766E-15,1.6074204923691467E-19,1.0880048159198866E-16,4.516897496154295E-17,1.4350380592401548E-16,Predicted Result:,1,0,1,0,0,0,0,0,Other,0,0,0,0,0,0,0,0,0,1
1.6745593959450782E-18,0.9999999999999973,2.381291624563766E-15,1.6074204923691467E-19,1.0880048159198866E-16,4.516897496154295E-17,1.4350380592401548E-16,Predicted Result:,1,0,1,0,0,0,0,0,Other,0,0,0,0,0,0,0,0,0,1
2.1374784596528224E-18,0.9999999999999967,2.8224684209781987E-15,2.424830344940549E-19,1.6412799921418598E-16,6.813842529478974E-17,1.5875108529771282E-16,Predicted Result:,1,0,1,0,0,0,0,0,Other,0,0,0,0,0,0,0,0,0,1
4.3304962469512195E-16,0.9999999458268805,3.9588055312574983E-13,1.1579856623362176E-16,7.837986285285069E-14,8.134931966653764E-14,5.4172563250894866E-8,Predicted Result:,1,0,1,0,0,0,0,0,Other,0,0,0,0,0,0,0,0,0,1
2.936939034338473E-14,0.9997437021760904,2.386541060540071E-11,1.0471265798020563E-14,2.1262863708735077E-11,1.0151471814446174E-9,2.562967635941917E-4,Predicted Result:,1,0,1,0,0,0,0,0,Other,0,0,0,0,0,0,0,0,0,1
1.4248761923827301E-13,0.9094360125204134,1.1578468260822376E-10,5.080206693178757E-14,1.0315824716213695E-10,5.74589918044763E-9,0.09056398151455089,Predicted Result:,1,0,1,0,0,0,0,0,Other,0,0,0,0,0,0,0,0,0,1
7.32502958676145E-16,0.9999902339755766,7.440350171609512E-13,1.5234578024575317E-16,1.0311735067417843E-13,1.2842879818157643E-13,9.76602344697049E-6,Predicted Result:,1,0,1,0,0,0,0,0,Other,0,0,0,0,0,0,0,0,0,1
1.5595734548635624E-13,0.9999699711753371,1.425713744438812E-10,4.170338910612405E-14,2.995454634443234E-5,7.412122946593398E-8,1.4319634099557651E-11,Predicted Result:,1,0,1,0,0,0,0,0,Other,0,0,0,0,0,0,0,0,0,1
1.5595734548635624E-13,0.9999699711753371,1.425713744438812E-10,4.170338910612405E-14,2.995454634443234E-5,7.412122946593398E-8,1.4319634099557651E-11,Predicted Result:,1,0,1,0,0,0,0,0,Other,0,0,0,0,0,0,0,0,0,1
1.6745593959450782E-18,0.9999999999999973,2.381291624563766E-15,1.6074204923691467E-19,1.0880048159198866E-16,4.516897496154295E-17,1.4350380592401548E-16,Predicted Result:,1,0,1,0,0,0,0,0,Other,0,0,0,0,0,0,0,0,0,1
2.1374784596528224E-18,0.9999999999999967,2.8224684209781987E-15,2.424830344940549E-19,1.6412799921418598E-16,6.813842529478974E-17,1.5875108529771282E-16,Predicted Result:,1,0,1,0,0,0,0,0,Other,0,0,0,0,0,0,0,0,0,1
4.3571676291823765E-18,0.9999999999999938,5.310916910341987E-15,5.931508074409792E-19,4.01482336529946E-16,1.6667707110182625E-16,2.7737826990844505E-16,Predicted Result:,1,0,1,0,0,0,0,0,Other,0,0,0,0,0,0,0,0,0,1
4.3571676291823765E-18,0.9999999999999938,5.310916910341987E-15,5.931508074409792E-19,4.01482336529946E-16,1.6667707110182625E-16,2.7737826990844505E-16,Predicted Result:,1,0,1,0,0,0,0,0,Other,0,0,0,0,0,0,0,0,0,1
4.3571676291823765E-18,0.9999999999999938,5.310916910341987E-15,5.931508074409792E-19,4.01482336529946E-16,1.6667707110182625E-16,2.7737826990844505E-16,Predicted Result:,1,0,1,0,0,0,0,0,Other,0,0,0,0,0,0,0,0,0,1
1.2699403172423897E-17,0.9999999999999831,1.4189267906647709E-14,2.1129749301763726E-18,1.4301963368410672E-15,5.937519906494055E-16,6.840704185486069E-16,Predicted Result:,1,0,1,0,0,0,0,0,Other,0,0,0,0,0,0,0,0,0,1
4.3571676291823765E-18,0.9999999999999938,5.310916910341987E-15,5.931508074409792E-19,4.01482336529946E-16,1.6667707110182625E-16,2.7737826990844505E-16,Predicted Result:,1,0,1,0,0,0,0,0,Other,0,0,0,0,0,0,0,0,0,1
4.3571676291823765E-18,0.9999999999999938,5.310916910341987E-15,5.931508074409792E-19,4.01482336529946E-16,1.6667707110182625E-16,2.7737826990844505E-16,Predicted Result:,1,0,1,0,0,0,0,0,Other,0,0,0,0,0,0,0,0,0,1
1.2699403172423897E-17,0.9999999999999831,1.4189267906647709E-14,2.1129749301763726E-18,1.4301963368410672E-15,5.937519906494055E-16,6.840704185486069E-16,Predicted Result:,1,0,1,0,0,0,0,0,Other,0,0,0,0,0,0,0,0,0,1
1.2699403172423897E-17,0.9999999999999831,1.4189267906647709E-14,2.1129749301763726E-18,1.4301963368410672E-15,5.937519906494055E-16,6.840704185486069E-16,Predicted Result:,1,0,1,0,0,0,0,0,Other,0,0,0,0,0,0,0,0,0,1
1.2699403172423897E-17,0.9999999999999831,1.4189267906647709E-14,2.1129749301763726E-18,1.4301963368410672E-15,5.937519906494055E-16,6.840704185486069E-16,Predicted Result:,1,0,1,0,0,0,0,0,Other,0,0,0,0,0,0,0,0,0,1
1.2699403172423897E-17,0.9999999999999831,1.4189267906647709E-14,2.1129749301763726E-18,1.4301963368410672E-15,5.937519906494055E-16,6.840704185486069E-16,Predicted Result:,1,0,1,0,0,0,0,0,Other,0,0,0,0,0,0,0,0,0,1
1.2699403172423897E-17,0.9999999999999831,1.4189267906647709E-14,2.1129749301763726E-18,1.4301963368410672E-15,5.937519906494055E-16,6.840704185486069E-16,Predicted Result:,1,0,1,0,0,0,0,0,Other,0,0,0,0,0,0,0,0,0,1
1.2699403172423897E-17,0.9999999999999831,1.4189267906647709E-14,2.1129749301763726E-18,1.4301963368410672E-15,5.937519906494055E-16,6.840704185486069E-16,Predicted Result:,1,0,1,0,0,0,0,0,Other,0,0,0,0,0,0,0,0,0,1
2.585371033855523E-16,0.9999999999996878,2.36346611693533E-13,6.913347612601644E-17,4.679395050857331E-14,1.9426704256693858E-14,9.495305809473317E-15,Predicted Result:,1,0,1,0,0,0,0,0,Other,0,0,0,0,0,0,0,0,0,1
2.585371033855523E-16,0.9999999999996878,2.36346611693533E-13,6.913347612601644E-17,4.679395050857331E-14,1.9426704256693858E-14,9.495305809473317E-15,Predicted Result:,1,0,1,0,0,0,0,0,Other,0,0,0,0,0,0,0,0,0,1
4.3571676291823765E-18,0.9999999999999938,5.310916910341987E-15,5.931508074409792E-19,4.01482336529946E-16,1.6667707110182625E-16,2.7737826990844505E-16,Predicted Result:,1,0,1,0,0,0,0,0,Other,0,0,0,0,0,0,0,0,0,1
1.6745593959450782E-18,0.9999999999999973,2.381291624563766E-15,1.6074204923691467E-19,1.0880048159198866E-16,4.516897496154295E-17,1.4350380592401548E-16,Predicted Result:,1,0,1,0,0,0,0,0,Other,0,0,0,0,0,0,0,0,0,1
4.3571676291823765E-18,0.9999999999999938,5.310916910341987E-15,5.931508074409792E-19,4.01482336529946E-16,1.6667707110182625E-16,2.7737826990844505E-16,Predicted Result:,1,0,1,0,0,0,0,0,Other,0,0,0,0,0,0,0,0,0,1
1.2699403172423897E-17,0.9999999999999831,1.4189267906647709E-14,2.1129749301763726E-18,1.4301963368410672E-15,5.937519906494055E-16,6.840704185486069E-16,Predicted Result:,1,0,1,0,0,0,0,0,Other,0,0,0,0,0,0,0,0,0,1
5.675045792554655E-17,0.9999999999992641,6.340829095652344E-14,9.442356719022222E-18,6.391189880122996E-15,3.979993812270867E-15,6.618274413541715E-13,Predicted Result:,1,0,1,0,0,0,0,0,Other,0,0,0,0,0,0,0,0,0,1
4.003273341774187E-13,0.9999924880754775,3.6596684869889176E-11,1.0704854288431752E-14,7.245728839979437E-12,7.520236578202947E-12,7.511872748926766E-6,Predicted Result:,1,0,1,0,0,0,0,0,Other,0,0,0,0,0,0,0,0,0,1
5.2367300139008945E-15,6.40591540999211E-6,3.1915042467263454E-13,3.920881625938444E-16,2.6539030153742383E-13,4.958005212440752E-13,0.9999935940835041,Predicted Result:,6,0,0,0,0,0,0,1,Other,0,0,0,0,0,0,0,0,0,1
5.100743723778337E-19,6.893085490837524E-10,2.5905232866717085E-16,6.365108344659048E-19,4.308311711663366E-16,9.837374940275023E-16,0.9999999993106898,Predicted Result:,6,0,0,0,0,0,0,1,Other,0,0,0,0,0,0,0,0,0,1
7.32502958676145E-16,0.9999902339755766,7.440350171609512E-13,1.5234578024575317E-16,1.0311735067417843E-13,1.2842879818157643E-13,9.76602344697049E-6,Predicted Result:,1,0,1,0,0,0,0,0,Other,0,0,0,0,0,0,0,0,0,1
1.6745593959450782E-18,0.9999999999999973,2.381291624563766E-15,1.6074204923691467E-19,1.0880048159198866E-16,4.516897496154295E-17,1.4350380592401548E-16,Predicted Result:,1,0,1,0,0,0,0,0,Other,0,0,0,0,0,0,0,0,0,1
4.274956919302188E-18,0.9999999999999252,5.644936841951834E-15,4.849660689877177E-19,3.2825599842814383E-16,2.0441527588594598E-16,6.873921993620578E-14,Predicted Result:,1,0,1,0,0,0,0,0,Other,0,0,0,0,0,0,0,0,0,1
1.7164599750704416E-17,0.9999999999657525,2.0921793888470176E-14,2.3366546958951996E-18,1.5815970832426497E-15,1.3132132874414254E-15,3.422379950035423E-11,Predicted Result:,1,0,1,0,0,0,0,0,Other,0,0,0,0,0,0,0,0,0,1
5.811246891819275E-15,0.9999999999901725,1.2174391863836154E-12,1.2086216600430514E-16,8.180723046612984E-14,5.094392079741304E-14,8.471391249390918E-12,Predicted Result:,1,0,1,0,0,0,0,0,Other,0,0,0,0,0,0,0,0,0,1
9.205015073812246E-13,0.9999999996622313,1.4609270232072212E-10,3.988451476797447E-15,2.699638604471851E-12,1.6811493857478659E-12,1.863706074228166E-10,Predicted Result:,1,0,1,0,0,0,0,0,Other,0,0,0,0,0,0,0,0,0,1
5.664317918175367E-16,0.9999999999981088,5.753493319768325E-13,1.2851600828001882E-17,8.698783958228958E-15,5.417004810904801E-15,1.3011352344855122E-12,Predicted Result:,1,0,1,0,0,0,0,0,Other,0,0,0,0,0,0,0,0,0,1
1.6745593959450782E-18,0.9999999999999973,2.381291624563766E-15,1.6074204923691467E-19,1.0880048159198866E-16,4.516897496154295E-17,1.4350380592401548E-16,Predicted Result:,1,0,1,0,0,0,0,0,Other,0,0,0,0,0,0,0,0,0,1
1.6745593959450782E-18,0.9999999999999973,2.381291624563766E-15,1.6074204923691467E-19,1.0880048159198866E-16,4.516897496154295E-17,1.4350380592401548E-16,Predicted Result:,1,0,1,0,0,0,0,0,Other,0,0,0,0,0,0,0,0,0,1
1.3679862141837207E-17,0.9999999999999793,1.806379789433857E-14,1.5518914207686612E-18,1.0504191949753317E-15,4.3608592188853966E-16,1.0160069459097547E-15,Predicted Result:,1,0,1,0,0,0,0,0,Other,0,0,0,0,0,0,0,0,0,1
4.190803046854112E-17,0.9999999999999443,4.68245840914473E-14,6.972817269505871E-18,4.719647911524509E-15,1.9593815691220826E-15,2.2574323811857463E-15,Predicted Result:,1,0,1,0,0,0,0,0,Other,0,0,0,0,0,0,0,0,0,1
4.3571676291823765E-18,0.9999999999999938,5.310916910341987E-15,5.931508074409792E-19,4.01482336529946E-16,1.6667707110182625E-16,2.7737826990844505E-16,Predicted Result:,1,0,1,0,0,0,0,0,Other,0,0,0,0,0,0,0,0,0,1
1.6745593959450782E-18,0.9999999999999973,2.381291624563766E-15,1.6074204923691467E-19,1.0880048159198866E-16,4.516897496154295E-17,1.4350380592401548E-16,Predicted Result:,1,0,1,0,0,0,0,0,Other,0,0,0,0,0,0,0,0,0,1
1.6745593959450782E-18,0.9999999999999973,2.381291624563766E-15,1.6074204923691467E-19,1.0880048159198866E-16,4.516897496154295E-17,1.4350380592401548E-16,Predicted Result:,1,0,1,0,0,0,0,0,Other,0,0,0,0,0,0,0,0,0,1
1.6745593959450782E-18,0.9999999999999973,2.381291624563766E-15,1.6074204923691467E-19,1.0880048159198866E-16,4.516897496154295E-17,1.4350380592401548E-16,Predicted Result:,1,0,1,0,0,0,0,0,Other,0,0,0,0,0,0,0,0,0,1
2.1374784596528224E-18,0.9999999999999967,2.8224684209781987E-15,2.424830344940549E-19,1.6412799921418598E-16,6.813842529478974E-17,1.5875108529771282E-16,Predicted Result:,1,0,1,0,0,0,0,0,Other,0,0,0,0,0,0,0,0,0,1
2.1374784596528224E-18,0.9999999999999967,2.8224684209781987E-15,2.424830344940549E-19,1.6412799921418598E-16,6.813842529478974E-17,1.5875108529771282E-16,Predicted Result:,1,0,1,0,0,0,0,0,Other,0,0,0,0,0,0,0,0,0,1
1.2889470107021036E-14,0.9999999999490155,5.081485299953235E-11,5.483349686641755E-16,7.42296231082787E-14,3.0816738478748723E-14,5.128416012443726E-14,Predicted Result:,1,0,1,0,0,0,0,0,Other,0,0,0,0,0,0,0,0,0,1
7.409999192123657E-10,5.227208245035311E-5,0.9999407227063634,6.9805857746257075E-6,2.0862700310413527E-8,2.5983711858740025E-9,4.2334044742325665E-10,Predicted Result:,2,0,0,1,0,0,0,0,WearShoes,0,0,0,0,0,0,0,0,0,0
4.735246365706212E-15,8.966479635466228E-16,0.9999995428448187,4.5714650464214633E-7,7.99919324712685E-12,6.641797061787896E-13,7.7294063377753E-15,Predicted Result:,2,0,0,1,0,0,0,0,WearShoes,0,0,0,0,0,0,0,0,0,0
1.7075844621486386E-15,3.8800991855377138E-16,0.9999999999104012,8.75023482890905E-11,1.7307608149755386E-12,3.592662953829628E-13,4.180969630129909E-15,Predicted Result:,2,0,0,1,0,0,0,0,WearShoes,0,0,0,0,0,0,0,0,0,0
1.191783931541675E-13,1.7359354031709741E-15,0.9999999999888947,5.285285422145924E-12,3.0973321344714774E-12,2.5717407788006297E-12,2.9928691421701394E-14,Predicted Result:,2,0,0,1,0,0,0,0,WearShoes,0,0,0,0,0,0,0,0,0,0
4.413005636449733E-12,2.1426402655224716E-14,0.9999999983619925,1.569729767795015E-9,4.778740999610246E-11,1.587131449417761E-11,1.8470278103788732E-13,Predicted Result:,2,0,0,1,0,0,0,0,WearShoes,0,0,0,0,0,0,0,0,0,0
5.2220071667652654E-12,1.5212601674791533E-13,0.9999905187836162,9.480659329721261E-6,5.089310919649996E-10,4.225697425773502E-11,4.917664927195114E-13,Predicted Result:,2,0,0,1,0,0,0,0,WearShoes,0,0,0,0,0,0,0,0,0,0
4.044516749330228E-13,1.5317081421465505E-14,0.9999934834773478,6.516429654310948E-6,8.540440287905017E-11,7.091199006967821E-12,8.252398866902599E-14,Predicted Result:,2,0,0,1,0,0,0,0,WearShoes,0,0,0,0,0,0,0,0,0,0
2.386504568949283E-13,1.129748220269732E-14,0.999999885802847,1.1413965636340233E-7,4.0314927158762134E-11,1.6736910616254476E-11,1.9477617546667635E-13,Predicted Result:,2,0,0,1,0,0,0,0,WearShoes,0,0,0,0,0,0,0,0,0,0
1.3889494482997643E-13,9.86272886941099E-15,0.99999999861353,1.3631933637641197E-9,1.2569652651506976E-11,1.0436687735056964E-11,1.2145718933338515E-13,Predicted Result:,2,0,0,1,0,0,0,0,WearShoes,0,0,0,0,0,0,0,0,0,0
1.3959556640323216E-14,9.912478992610508E-16,0.9999999977934813,2.202815124059073E-9,3.15826429745483E-12,5.244666526597719E-13,6.103492520637055E-15,Predicted Result:,2,0,0,1,0,0,0,0,WearShoes,0,0,0,0,0,0,0,0,0,0
1.8384284367121085E-13,6.962354169296894E-15,0.9999998652712895,1.3463783555617258E-7,7.764086174237604E-11,1.2893171385453529E-11,1.5004457331905275E-13,Predicted Result:,2,0,0,1,0,0,0,0,WearShoes,0,0,0,0,0,0,0,0,0,0
2.801549155949809E-13,8.841508802138185E-15,0.9999999979159231,2.030152218207083E-9,3.155081609658231E-11,2.1830755425686424E-11,2.540559095317178E-13,Predicted Result:,2,0,0,1,0,0,0,0,WearShoes,0,0,0,0,0,0,0,0,0,0
6.032553845890056E-13,1.4686728396922828E-14,0.9999999901951405,9.742224211624282E-9,4.367450898182154E-11,1.8131655060641188E-11,2.1100754545243738E-13,Predicted Result:,2,0,0,1,0,0,0,0,WearShoes,0,0,0,0,0,0,0,0,0,0
4.085397069898902E-13,9.283140128117467E-15,0.9999999983865218,1.554260934762223E-9,4.140846510717301E-11,1.7190897468964373E-11,2.0005945772290766E-13,Predicted Result:,2,0,0,1,0,0,0,0,WearShoes,0,0,0,0,0,0,0,0,0,0
1.532023900774989E-13,4.1774130564755395E-15,0.9999999981082699,1.8651131212259328E-9,1.8633809292972054E-11,7.735903858852E-12,9.002675594993621E-14,Predicted Result:,2,0,0,1,0,0,0,0,WearShoes,0,0,0,0,0,0,0,0,0,0
5.083253063352977E-12,9.625451677138357E-14,0.999999557556755,4.420316149963594E-7,2.8623588886899887E-10,1.1883202636826198E-10,1.382910391866873E-12,Predicted Result:,2,0,0,1,0,0,0,0,WearShoes,0,0,0,0,0,0,0,0,0,0
9.011225308249937E-12,1.3125621704100596E-13,0.9999999979484644,1.8316235206322004E-9,8.782241366936343E-11,1.2153280776441773E-10,1.4143407963890354E-12,Predicted Result:,2,0,0,1,0,0,0,0,WearShoes,0,0,0,0,0,0,0,0,0,0
1.5870257171900358E-12,2.1465218603594156E-14,0.9999999984275032,1.5255680896276371E-9,3.191598759604037E-11,1.3250055730494245E-11,1.541978229482556E-13,Predicted Result:,2,0,0,1,0,0,0,0,WearShoes,0,0,0,0,0,0,0,0,0,0
9.839476857720755E-14,4.657913340310369E-15,0.9999999381859115,6.176545019177476E-8,4.155426706168205E-11,6.900571103924458E-12,8.030555214012687E-14,Predicted Result:,2,0,0,1,0,0,0,0,WearShoes,0,0,0,0,0,0,0,0,0,0
3.4930141721616223E-13,1.984271019169325E-14,0.9999999060331153,9.368328386950705E-8,2.2127646498942709E-10,6.124256657908605E-11,7.127117523383096E-13,Predicted Result:,2,0,0,1,0,0,0,0,WearShoes,0,0,0,0,0,0,0,0,0,0
9.839476857718517E-14,4.6579133403114275E-15,0.9999999381859115,6.176545019176072E-8,4.1554267061672605E-11,6.900571103922889E-12,8.030555214010861E-14,Predicted Result:,2,0,0,1,0,0,0,0,WearShoes,0,0,0,0,0,0,0,0,0,0
1.1808204539480382E-14,1.9165337198175894E-15,0.9999980911104142,1.9088634314172006E-6,2.374696928767387E-11,2.3660768675406974E-12,2.753527300745002E-14,Predicted Result:,2,0,0,1,0,0,0,0,WearShoes,0,0,0,0,0,0,0,0,0,0
8.75442163256086E-14,3.978488326418321E-15,0.9999999230121787,7.693591047359146E-8,4.436620927117542E-11,7.36752693129912E-12,8.573976113205301E-14,Predicted Result:,2,0,0,1,0,0,0,0,WearShoes,0,0,0,0,0,0,0,0,0,0
1.0532664316198231E-13,2.871971475882526E-15,0.9999999979327667,2.0516244330476536E-9,1.2810743886935957E-11,2.6592169510285243E-12,3.094669735253215E-14,Predicted Result:,2,0,0,1,0,0,0,0,WearShoes,0,0,0,0,0,0,0,0,0,0
1.0761003447720968E-13,1.2225972312935395E-14,0.15544047293685456,0.8445595258586139,1.1929594898572108E-9,1.1320277060681035E-11,1.317399800750407E-13,Predicted Result:,3,0,0,0,1,0,0,0,Other,0,0,0,0,0,0,0,0,0,1
2.89724428898501E-18,1.09722197791764E-18,2.448597991705438E-9,0.9999999975505027,8.972844874575352E-13,2.0318804049876517E-15,2.3646054123323217E-17,Predicted Result:,3,0,0,0,1,0,0,0,Walk,0,0,1,0,0,0,0,0,0,0
1.512631886122637E-17,5.7285226387803476E-18,1.2228141886621568E-9,0.9999999987753478,1.8270183201114816E-12,1.0608311839832917E-14,1.234544687305851E-16,Predicted Result:,3,0,0,0,1,0,0,0,Walk,0,0,1,0,0,0,0,0,0,0
1.0329999236460513E-18,3.912097518740061E-19,7.168093479267151E-9,0.9999999928316494,2.565200013473785E-13,7.244581726128536E-16,8.430898352893695E-18,Predicted Result:,3,0,0,0,1,0,0,0,Walk,0,0,1,0,0,0,0,0,0,0
4.350392196807286E-18,1.647546929006322E-18,4.827831845223498E-8,0.9999999517207138,9.64564630296897E-13,3.0509945924513804E-15,3.5506018506788166E-17,Predicted Result:,3,0,0,0,1,0,0,0,Walk,0,0,1,0,0,0,0,0,0,0
1.6746670062973941E-18,6.3421695298147045E-19,3.7910897817068845E-9,0.9999999962083255,5.834800757549824E-13,1.1744688178044807E-15,1.3667907404288865E-17,Predicted Result:,3,0,0,0,1,0,0,0,Walk,0,0,1,0,0,0,0,0,0,0
2.89724428898501E-18,1.09722197791764E-18,2.448597991705438E-9,0.9999999975505027,8.972844874575352E-13,2.0318804049876517E-15,2.3646054123323217E-17,Predicted Result:,3,0,0,0,1,0,0,0,Walk,0,0,1,0,0,0,0,0,0,0
1.3121890836832985E-18,4.969421140203439E-19,1.3658123973223386E-8,0.9999999863415856,2.8964420384538426E-13,9.202576727522212E-16,1.0709519459849669E-17,Predicted Result:,3,0,0,0,1,0,0,0,Walk,0,0,1,0,0,0,0,0,0,0
1.1275456828543975E-18,4.2701539150066434E-19,4.084037627247657E-9,0.9999999959156758,2.857123510515214E-13,7.907645162788156E-16,9.202539925498353E-18,Predicted Result:,3,0,0,0,1,0,0,0,Walk,0,0,1,0,0,0,0,0,0,0
2.89724428898501E-18,1.09722197791764E-18,2.448597991705438E-9,0.9999999975505027,8.972844874575352E-13,2.0318804049876517E-15,2.3646054123323217E-17,Predicted Result:,3,0,0,0,1,0,0,0,Walk,0,0,1,0,0,0,0,0,0,0
2.8366874099925558E-18,1.0742883444665698E-18,1.447357925904915E-8,0.9999999855261252,2.9350883833822397E-13,1.989410967296172E-15,2.3151815082587633E-17,Predicted Result:,3,0,0,0,1,0,0,0,Walk,0,0,1,0,0,0,0,0,0,0
2.230557637219023E-18,8.447395588545218E-19,7.4413800527015196E-9,0.9999999925583545,2.6376374424486945E-13,1.5643231647724645E-15,1.8204846175872415E-17,Predicted Result:,3,0,0,0,1,0,0,0,Walk,0,0,1,0,0,0,0,0,0,0
1.363792030875766E-18,5.164847835840348E-19,9.463494178374775E-9,0.9999999905362792,2.2577603062522598E-13,9.564475852280301E-16,1.113068038399946E-17,Predicted Result:,3,0,0,0,1,0,0,0,Walk,0,0,1,0,0,0,0,0,0,0
1.363792030875766E-18,5.164847835840348E-19,9.463494178374775E-9,0.9999999905362792,2.2577603062522598E-13,9.564475852280301E-16,1.113068038399946E-17,Predicted Result:,3,0,0,0,1,0,0,0,Walk,0,0,1,0,0,0,0,0,0,0
1.3481524438663497E-18,5.105618799965783E-19,6.348014993249637E-9,0.9999999936515058,4.782576300379541E-13,9.454793108207406E-16,1.1003036842756756E-17,Predicted Result:,3,0,0,0,1,0,0,0,Walk,0,0,1,0,0,0,0,0,0,0
1.3481524438663497E-18,5.105618799965783E-19,6.348014993249637E-9,0.9999999936515058,4.782576300379541E-13,9.454793108207406E-16,1.1003036842756756E-17,Predicted Result:,3,0,0,0,1,0,0,0,Walk,0,0,1,0,0,0,0,0,0,0
1.7412730825924574E-18,6.594414917103996E-19,2.5227979306422496E-9,0.9999999974767964,4.044577802880743E-13,1.221180647315715E-15,1.4211517375675067E-17,Predicted Result:,3,0,0,0,1,0,0,0,Walk,0,0,1,0,0,0,0,0,0,0
1.2813841775463731E-18,4.8527591791474E-19,5.129802431192189E-9,0.9999999948699694,2.272857801440966E-13,8.986537350395157E-16,1.0458103146580086E-17,Predicted Result:,3,0,0,0,1,0,0,0,Walk,0,0,1,0,0,0,0,0,0,0
5.317466224177383E-16,6.041369203866418E-17,4.494041861658518E-6,0.9999955059391606,1.886373314561297E-11,1.1187653867384206E-13,1.3019657466643124E-15,Predicted Result:,3,0,0,0,1,0,0,0,Walk,0,0,1,0,0,0,0,0,0,0
5.317466224177383E-16,6.041369203866418E-17,4.494041861658518E-6,0.9999955059391606,1.886373314561297E-11,1.1187653867384206E-13,1.3019657466643124E-15,Predicted Result:,3,0,0,0,1,0,0,0,Walk,0,0,1,0,0,0,0,0,0,0
7.503319684648936E-17,2.841599273020504E-17,2.4064262109530823E-8,0.9999999759335719,2.1125442240590613E-12,5.262189418258469E-14,6.123884825398784E-16,Predicted Result:,3,0,0,0,1,0,0,0,Walk,0,0,1,0,0,0,0,0,0,0
7.814616299655458E-17,2.9594911225036E-17,1.253131832457354E-8,0.9999999874663158,2.3101986030106906E-12,5.4805063529293584E-14,6.377951651411362E-16,Predicted Result:,3,0,0,0,1,0,0,0,Walk,0,0,1,0,0,0,0,0,0,0
2.3449324493807268E-17,6.660410281830529E-18,2.5909599539333686E-7,0.9999997409026099,1.3864429067392795E-12,8.222679587221535E-15,9.569161948749982E-17,Predicted Result:,3,0,0,0,1,0,0,0,Walk,0,0,1,0,0,0,0,0,0,0
2.5530164112766898E-17,7.251439912415258E-18,8.988084771452267E-7,0.9999991011901933,1.3207886044850372E-12,8.952341435846108E-15,1.041830757375805E-16,Predicted Result:,3,0,0,0,1,0,0,0,Walk,0,0,1,0,0,0,0,0,0,0
1.6577240374853052E-16,4.708503320262198E-17,3.2828294060954245E-6,0.9999967171672678,3.2671015514894665E-12,5.812932311918188E-14,6.764813112298662E-16,Predicted Result:,3,0,0,0,1,0,0,0,Walk,0,0,1,0,0,0,0,0,0,0
9.727615335838256E-16,2.7629755056547267E-16,1.5847375379290346E-4,0.9998415262253197,2.054092567203954E-11,3.411060479609225E-13,3.969629340427499E-15,Predicted Result:,3,0,0,0,1,0,0,0,Walk,0,0,1,0,0,0,0,0,0,0
4.081917082349627E-17,1.5458721074440505E-17,8.388511931603444E-7,0.9999991611455599,3.217915004340738E-12,2.862709011437238E-14,3.331484080343635E-16,Predicted Result:,3,0,0,0,1,0,0,0,Walk,0,0,1,0,0,0,0,0,0,0
2.6054811635052143E-18,9.867277007045768E-19,4.172239314674399E-9,0.9999999958274506,3.0809850226542915E-13,1.8272625963296077E-15,2.1264809751736548E-17,Predicted Result:,3,0,0,0,1,0,0,0,Walk,0,0,1,0,0,0,0,0,0,0
1.363792030875766E-18,5.164847835840348E-19,9.463494178374775E-9,0.9999999905362792,2.2577603062522598E-13,9.564475852280301E-16,1.113068038399946E-17,Predicted Result:,3,0,0,0,1,0,0,0,Walk,0,0,1,0,0,0,0,0,0,0
1.3121890836832985E-18,4.969421140203439E-19,1.3658123973223386E-8,0.9999999863415856,2.8964420384538426E-13,9.202576727522212E-16,1.0709519459849669E-17,Predicted Result:,3,0,0,0,1,0,0,0,Walk,0,0,1,0,0,0,0,0,0,0
2.311145900659497E-18,8.752593234953752E-19,2.830108379577764E-8,0.9999999716985047,4.0993997605313376E-13,1.620840909574724E-15,1.886257270803396E-17,Predicted Result:,3,0,0,0,1,0,0,0,Walk,0,0,1,0,0,0,0,0,0,0
2.311145900659497E-18,8.752593234953752E-19,2.830108379577764E-8,0.9999999716985047,4.0993997605313376E-13,1.620840909574724E-15,1.886257270803396E-17,Predicted Result:,3,0,0,0,1,0,0,0,Walk,0,0,1,0,0,0,0,0,0,0
2.230557637219023E-18,8.447395588545218E-19,7.4413800527015196E-9,0.9999999925583545,2.6376374424486945E-13,1.5643231647724645E-15,1.8204846175872415E-17,Predicted Result:,3,0,0,0,1,0,0,0,Walk,0,0,1,0,0,0,0,0,0,0
5.359039100827937E-18,2.0295338933987617E-18,3.076124514721452E-8,0.9999999692383287,4.224714021255516E-13,3.758373631086565E-15,4.3738158052124144E-17,Predicted Result:,3,0,0,0,1,0,0,0,Walk,0,0,1,0,0,0,0,0,0,0
2.172872226690504E-18,8.2289338575826145E-19,2.2616678204837905E-8,0.9999999773827036,6.166618478421483E-13,1.5238675305153631E-15,1.7734042818119675E-17,Predicted Result:,3,0,0,0,1,0,0,0,Walk,0,0,1,0,0,0,0,0,0,0
1.3121890836832985E-18,4.969421140203439E-19,1.3658123973223386E-8,0.9999999863415856,2.8964420384538426E-13,9.202576727522212E-16,1.0709519459849669E-17,Predicted Result:,3,0,0,0,1,0,0,0,Walk,0,0,1,0,0,0,0,0,0,0
1.0329999236460513E-18,3.912097518740061E-19,7.168093479267151E-9,0.9999999928316494,2.565200013473785E-13,7.244581726128536E-16,8.430898352893695E-18,Predicted Result:,3,0,0,0,1,0,0,0,Walk,0,0,1,0,0,0,0,0,0,0
2.89724428898501E-18,1.09722197791764E-18,2.448597991705438E-9,0.9999999975505027,8.972844874575352E-13,2.0318804049876517E-15,2.3646054123323217E-17,Predicted Result:,3,0,0,0,1,0,0,0,Walk,0,0,1,0,0,0,0,0,0,0
1.4741188035982144E-18,5.582668867512906E-19,1.1507695968222668E-8,0.9999999884918148,4.880812977567836E-13,1.0338213878074645E-15,1.2031119759776683E-17,Predicted Result:,3,0,0,0,1,0,0,0,Walk,0,0,1,0,0,0,0,0,0,0
1.3121890836832985E-18,4.969421140203439E-19,1.3658123973223386E-8,0.9999999863415856,2.8964420384538426E-13,9.202576727522212E-16,1.0709519459849669E-17,Predicted Result:,3,0,0,0,1,0,0,0,Walk,0,0,1,0,0,0,0,0,0,0
3.994685310543201E-18,1.5128363646298764E-18,1.6880486167642444E-9,0.9999999983112062,7.422989856282298E-13,2.8015320756504505E-15,3.260289283092635E-17,Predicted Result:,3,0,0,0,1,0,0,0,Walk,0,0,1,0,0,0,0,0,0,0
1.2813841775463731E-18,4.8527591791474E-19,5.129802431192189E-9,0.9999999948699694,2.272857801440966E-13,8.986537350395157E-16,1.0458103146580086E-17,Predicted Result:,3,0,0,0,1,0,0,0,Walk,0,0,1,0,0,0,0,0,0,0
1.559691602917645E-17,5.906743563189011E-18,7.162187824788907E-8,0.9999999283773202,7.904303329741183E-13,1.093834861575686E-14,1.2729527916757236E-16,Predicted Result:,3,0,0,0,1,0,0,0,Walk,0,0,1,0,0,0,0,0,0,0
2.5530164112766898E-17,7.251439912415258E-18,8.988084771452267E-7,0.9999991011901933,1.3207886044850372E-12,8.952341435846108E-15,1.041830757375805E-16,Predicted Result:,3,0,0,0,1,0,0,0,Walk,0,0,1,0,0,0,0,0,0,0
1.3364210230826389E-16,3.7958928519876233E-17,1.244102625707332E-6,0.9999987558945048,2.8219994267820176E-12,4.686259456787298E-14,5.453645031427246E-16,Predicted Result:,3,0,0,0,1,0,0,0,Walk,0,0,1,0,0,0,0,0,0,0
5.359039100827937E-18,2.0295338933987617E-18,3.076124514721452E-8,0.9999999692383287,4.224714021255516E-13,3.758373631086565E-15,4.3738158052124144E-17,Predicted Result:,3,0,0,0,1,0,0,0,Walk,0,0,1,0,0,0,0,0,0,0
1.6746670062973941E-18,6.3421695298147045E-19,3.7910897817068845E-9,0.9999999962083255,5.834800757549824E-13,1.1744688178044807E-15,1.3667907404288865E-17,Predicted Result:,3,0,0,0,1,0,0,0,Walk,0,0,1,0,0,0,0,0,0,0
4.688394078752158E-18,1.7755523909058983E-18,2.5472463936392735E-9,0.9999999974522751,4.752027754577472E-13,3.2880403270433703E-15,3.826464359915272E-17,Predicted Result:,3,0,0,0,1,0,0,0,Walk,0,0,1,0,0,0,0,0,0,0
2.6054811635052143E-18,9.867277007045768E-19,4.172239314674399E-9,0.9999999958274506,3.0809850226542915E-13,1.8272625963296077E-15,2.1264809751736548E-17,Predicted Result:,3,0,0,0,1,0,0,0,Walk,0,0,1,0,0,0,0,0,0,0
1.363792030875766E-18,5.164847835840348E-19,9.463494178374775E-9,0.9999999905362792,2.2577603062522598E-13,9.564475852280301E-16,1.113068038399946E-17,Predicted Result:,3,0,0,0,1,0,0,0,Walk,0,0,1,0,0,0,0,0,0,0
2.070015127647215E-18,7.839401397088395E-19,1.9011241859508857E-8,0.9999999809884711,2.8557616573976186E-13,1.4517323209113442E-15,1.689456768645972E-17,Predicted Result:,3,0,0,0,1,0,0,0,Walk,0,0,1,0,0,0,0,0,0,0
4.035518984083222E-14,2.0173567632172835E-12,2.1118313928956207E-7,2.877034326509143E-4,0.9997120759376676,9.443331687819428E-9,1.1527655861650487E-12,Predicted Result:,4,0,0,0,0,1,0,0,Other,0,0,0,0,0,0,0,0,0,1
1.5984065273905655E-19,1.0702343548135235E-16,6.49428327316343E-17,3.9892342280898893E-19,0.9999999999990583,9.414042213785359E-13,7.827301426262435E-18,Predicted Result:,4,0,0,0,0,1,0,0,Other,0,0,0,0,0,0,0,0,0,1
1.5984065273905655E-19,1.0702343548135235E-16,6.49428327316343E-17,3.9892342280898893E-19,0.9999999999990583,9.414042213785359E-13,7.827301426262435E-18,Predicted Result:,4,0,0,0,0,1,0,0,Other,0,0,0,0,0,0,0,0,0,1
1.5984065273905655E-19,1.0702343548135235E-16,6.49428327316343E-17,3.9892342280898893E-19,0.9999999999990583,9.414042213785359E-13,7.827301426262435E-18,Predicted Result:,4,0,0,0,0,1,0,0,Other,0,0,0,0,0,0,0,0,0,1
1.5984065273905655E-19,1.0702343548135235E-16,6.49428327316343E-17,3.9892342280898893E-19,0.9999999999990583,9.414042213785359E-13,7.827301426262435E-18,Predicted Result:,4,0,0,0,0,1,0,0,Other,0,0,0,0,0,0,0,0,0,1
1.5984065273905655E-19,1.0702343548135235E-16,6.49428327316343E-17,3.9892342280898893E-19,0.9999999999990583,9.414042213785359E-13,7.827301426262435E-18,Predicted Result:,4,0,0,0,0,1,0,0,Other,0,0,0,0,0,0,0,0,0,1
1.5984065273905655E-19,1.0702343548135235E-16,6.49428327316343E-17,3.9892342280898893E-19,0.9999999999990583,9.414042213785359E-13,7.827301426262435E-18,Predicted Result:,4,0,0,0,0,1,0,0,Other,0,0,0,0,0,0,0,0,0,1
1.026855102010534E-18,1.334645194877124E-15,4.1720850100858396E-16,2.562780775749562E-18,0.9999999995973414,4.0265675277578433E-10,4.6094108379580045E-17,Predicted Result:,4,0,0,0,0,1,0,0,Other,0,0,0,0,0,0,0,0,0,1
1.026855102010534E-18,1.334645194877124E-15,4.1720850100858396E-16,2.562780775749562E-18,0.9999999995973414,4.0265675277578433E-10,4.6094108379580045E-17,Predicted Result:,4,0,0,0,0,1,0,0,Other,0,0,0,0,0,0,0,0,0,1
1.5984065273905655E-19,1.0702343548135235E-16,6.49428327316343E-17,3.9892342280898893E-19,0.9999999999990583,9.414042213785359E-13,7.827301426262435E-18,Predicted Result:,4,0,0,0,0,1,0,0,Other,0,0,0,0,0,0,0,0,0,1
1.5984065273905655E-19,1.0702343548135235E-16,6.49428327316343E-17,3.9892342280898893E-19,0.9999999999990583,9.414042213785359E-13,7.827301426262435E-18,Predicted Result:,4,0,0,0,0,1,0,0,Other,0,0,0,0,0,0,0,0,0,1
1.5984065273905655E-19,1.0702343548135235E-16,6.49428327316343E-17,3.9892342280898893E-19,0.9999999999990583,9.414042213785359E-13,7.827301426262435E-18,Predicted Result:,4,0,0,0,0,1,0,0,Other,0,0,0,0,0,0,0,0,0,1
1.5984065273905655E-19,1.0702343548135235E-16,6.49428327316343E-17,3.9892342280898893E-19,0.9999999999990583,9.414042213785359E-13,7.827301426262435E-18,Predicted Result:,4,0,0,0,0,1,0,0,Other,0,0,0,0,0,0,0,0,0,1
1.5984065273905655E-19,1.0702343548135235E-16,6.49428327316343E-17,3.9892342280898893E-19,0.9999999999990583,9.414042213785359E-13,7.827301426262435E-18,Predicted Result:,4,0,0,0,0,1,0,0,Other,0,0,0,0,0,0,0,0,0,1
1.5984065273905655E-19,1.0702343548135235E-16,6.49428327316343E-17,3.9892342280898893E-19,0.9999999999990583,9.414042213785359E-13,7.827301426262435E-18,Predicted Result:,4,0,0,0,0,1,0,0,Other,0,0,0,0,0,0,0,0,0,1
1.5984065273905655E-19,1.0702343548135235E-16,6.49428327316343E-17,3.9892342280898893E-19,0.9999999999990583,9.414042213785359E-13,7.827301426262435E-18,Predicted Result:,4,0,0,0,0,1,0,0,Other,0,0,0,0,0,0,0,0,0,1
1.5984065273905655E-19,1.0702343548135235E-16,6.49428327316343E-17,3.9892342280898893E-19,0.9999999999990583,9.414042213785359E-13,7.827301426262435E-18,Predicted Result:,4,0,0,0,0,1,0,0,Other,0,0,0,0,0,0,0,0,0,1
1.5984065273905655E-19,1.0702343548135235E-16,6.49428327316343E-17,3.9892342280898893E-19,0.9999999999990583,9.414042213785359E-13,7.827301426262435E-18,Predicted Result:,4,0,0,0,0,1,0,0,Other,0,0,0,0,0,0,0,0,0,1
1.5984065273905655E-19,1.0702343548135235E-16,6.49428327316343E-17,3.9892342280898893E-19,0.9999999999990583,9.414042213785359E-13,7.827301426262435E-18,Predicted Result:,4,0,0,0,0,1,0,0,Other,0,0,0,0,0,0,0,0,0,1
1.5984065273905655E-19,1.0702343548135235E-16,6.49428327316343E-17,3.9892342280898893E-19,0.9999999999990583,9.414042213785359E-13,7.827301426262435E-18,Predicted Result:,4,0,0,0,0,1,0,0,Other,0,0,0,0,0,0,0,0,0,1
9.285702551152069E-18,1.7600630773021884E-14,3.77275628722261E-15,2.317485684282753E-17,0.9999998442389487,1.5576102966780987E-7,3.789294294913752E-16,Predicted Result:,4,0,0,0,0,1,0,0,Other,0,0,0,0,0,0,0,0,0,1
2.804559396685868E-17,3.154499582621139E-14,1.1394850350252377E-14,6.999498655848914E-17,1.6590988827444186E-6,0.9999983409010734,5.722400035402908E-16,Predicted Result:,5,0,0,0,0,0,1,0,Other,0,0,0,0,0,0,0,0,0,1
1.1327655765687994E-19,1.1711487861724064E-17,4.6023964556349355E-17,2.8271075805898923E-19,5.22403766163935E-14,0.9999999999999476,9.245142439120716E-19,Predicted Result:,5,0,0,0,0,0,1,0,Other,0,0,0,0,0,0,0,0,0,1
4.92238132341066E-19,1.4928243194123078E-16,1.9999504597209897E-16,1.2285067486002634E-18,1.689697568175429E-11,0.9999999999831026,6.026151935092715E-18,Predicted Result:,5,0,0,0,0,0,1,0,Other,0,0,0,0,0,0,0,0,0,1
4.92238132341066E-19,1.4928243194123078E-16,1.9999504597209897E-16,1.2285067486002634E-18,1.689697568175429E-11,0.9999999999831026,6.026151935092715E-18,Predicted Result:,5,0,0,0,0,0,1,0,Other,0,0,0,0,0,0,0,0,0,1
1.1327655765687994E-19,1.1711487861724064E-17,4.6023964556349355E-17,2.8271075805898923E-19,5.22403766163935E-14,0.9999999999999476,9.245142439120716E-19,Predicted Result:,5,0,0,0,0,0,1,0,Other,0,0,0,0,0,0,0,0,0,1
1.1327655765687994E-19,1.1711487861724064E-17,4.6023964556349355E-17,2.8271075805898923E-19,5.22403766163935E-14,0.9999999999999476,9.245142439120716E-19,Predicted Result:,5,0,0,0,0,0,1,0,Other,0,0,0,0,0,0,0,0,0,1
1.1327655765687994E-19,1.1711487861724064E-17,4.6023964556349355E-17,2.8271075805898923E-19,5.22403766163935E-14,0.9999999999999476,9.245142439120716E-19,Predicted Result:,5,0,0,0,0,0,1,0,Other,0,0,0,0,0,0,0,0,0,1
1.1327655765687994E-19,1.1711487861724064E-17,4.6023964556349355E-17,2.8271075805898923E-19,5.22403766163935E-14,0.9999999999999476,9.245142439120716E-19,Predicted Result:,5,0,0,0,0,0,1,0,Other,0,0,0,0,0,0,0,0,0,1
1.1327655765687994E-19,1.1711487861724064E-17,4.6023964556349355E-17,2.8271075805898923E-19,5.22403766163935E-14,0.9999999999999476,9.245142439120716E-19,Predicted Result:,5,0,0,0,0,0,1,0,Other,0,0,0,0,0,0,0,0,0,1
1.1327655765687994E-19,1.1711487861724064E-17,4.6023964556349355E-17,2.8271075805898923E-19,5.22403766163935E-14,0.9999999999999476,9.245142439120716E-19,Predicted Result:,5,0,0,0,0,0,1,0,Other,0,0,0,0,0,0,0,0,0,1
1.1327655765687994E-19,1.1711487861724064E-17,4.6023964556349355E-17,2.8271075805898923E-19,5.22403766163935E-14,0.9999999999999476,9.245142439120716E-19,Predicted Result:,5,0,0,0,0,0,1,0,Other,0,0,0,0,0,0,0,0,0,1
1.1327655765687994E-19,1.1711487861724064E-17,4.6023964556349355E-17,2.8271075805898923E-19,5.22403766163935E-14,0.9999999999999476,9.245142439120716E-19,Predicted Result:,5,0,0,0,0,0,1,0,Other,0,0,0,0,0,0,0,0,0,1
1.1327655765687994E-19,1.1711487861724064E-17,4.6023964556349355E-17,2.8271075805898923E-19,5.22403766163935E-14,0.9999999999999476,9.245142439120716E-19,Predicted Result:,5,0,0,0,0,0,1,0,Other,0,0,0,0,0,0,0,0,0,1
1.1327655765687994E-19,1.1711487861724064E-17,4.6023964556349355E-17,2.8271075805898923E-19,5.22403766163935E-14,0.9999999999999476,9.245142439120716E-19,Predicted Result:,5,0,0,0,0,0,1,0,Other,0,0,0,0,0,0,0,0,0,1
1.1327655765687994E-19,1.1711487861724064E-17,4.6023964556349355E-17,2.8271075805898923E-19,5.22403766163935E-14,0.9999999999999476,9.245142439120716E-19,Predicted Result:,5,0,0,0,0,0,1,0,Other,0,0,0,0,0,0,0,0,0,1
1.1327655765687994E-19,1.1711487861724064E-17,4.6023964556349355E-17,2.8271075805898923E-19,5.22403766163935E-14,0.9999999999999476,9.245142439120716E-19,Predicted Result:,5,0,0,0,0,0,1,0,Other,0,0,0,0,0,0,0,0,0,1
1.1327655765687994E-19,1.1711487861724064E-17,4.6023964556349355E-17,2.8271075805898923E-19,5.22403766163935E-14,0.9999999999999476,9.245142439120716E-19,Predicted Result:,5,0,0,0,0,0,1,0,Other,0,0,0,0,0,0,0,0,0,1
4.92238132341066E-19,1.4928243194123078E-16,1.9999504597209897E-16,1.2285067486002634E-18,1.689697568175429E-11,0.9999999999831026,6.026151935092715E-18,Predicted Result:,5,0,0,0,0,0,1,0,Other,0,0,0,0,0,0,0,0,0,1
4.92238132341066E-19,1.4928243194123078E-16,1.9999504597209897E-16,1.2285067486002634E-18,1.689697568175429E-11,0.9999999999831026,6.026151935092715E-18,Predicted Result:,5,0,0,0,0,0,1,0,Other,0,0,0,0,0,0,0,0,0,1
1.1327655765687994E-19,1.1711487861724064E-17,4.6023964556349355E-17,2.8271075805898923E-19,5.22403766163935E-14,0.9999999999999476,9.245142439120716E-19,Predicted Result:,5,0,0,0,0,0,1,0,Other,0,0,0,0,0,0,0,0,0,1
1.1327655765687994E-19,1.1711487861724064E-17,4.6023964556349355E-17,2.8271075805898923E-19,5.22403766163935E-14,0.9999999999999476,9.245142439120716E-19,Predicted Result:,5,0,0,0,0,0,1,0,Other,0,0,0,0,0,0,0,0,0,1
1.1327655765687994E-19,1.1711487861724064E-17,4.6023964556349355E-17,2.8271075805898923E-19,5.22403766163935E-14,0.9999999999999476,9.245142439120716E-19,Predicted Result:,5,0,0,0,0,0,1,0,Other,0,0,0,0,0,0,0,0,0,1
1.1327655765687994E-19,1.1711487861724064E-17,4.6023964556349355E-17,2.8271075805898923E-19,5.22403766163935E-14,0.9999999999999476,9.245142439120716E-19,Predicted Result:,5,0,0,0,0,0,1,0,Other,0,0,0,0,0,0,0,0,0,1
4.07369483459246E-14,4.146934153138784E-11,6.281223637416789E-9,1.0166952268068635E-13,2.9336441596678467E-7,0.9999996997728886,5.398600869619404E-10,Predicted Result:,5,0,0,0,0,0,1,0,Other,0,0,0,0,0,0,0,0,0,1
1.2069430683761596E-14,6.072125330371799E-9,1.8609836126472717E-9,3.012236572621012E-14,2.069457140850413E-9,8.464470808089155E-10,0.9999999891509447,Predicted Result:,6,0,0,0,0,0,0,1,Other,0,0,0,0,0,0,0,0,0,1
1.90412378961067E-20,7.349469634268622E-13,7.736404390870938E-18,4.752230215448225E-20,3.21661281868295E-17,8.012341586006733E-17,0.999999999999265,Predicted Result:,6,0,0,0,0,0,0,1,Other,0,0,0,0,0,0,0,0,0,1
1.90412378961067E-20,7.349469634268622E-13,7.736404390870938E-18,4.752230215448225E-20,3.21661281868295E-17,8.012341586006733E-17,0.999999999999265,Predicted Result:,6,0,0,0,0,0,0,1,Other,0,0,0,0,0,0,0,0,0,1
1.90412378961067E-20,7.349469634268622E-13,7.736404390870938E-18,4.752230215448225E-20,3.21661281868295E-17,8.012341586006733E-17,0.999999999999265,Predicted Result:,6,0,0,0,0,0,0,1,Other,0,0,0,0,0,0,0,0,0,1
1.90412378961067E-20,7.349469634268622E-13,7.736404390870938E-18,4.752230215448225E-20,3.21661281868295E-17,8.012341586006733E-17,0.999999999999265,Predicted Result:,6,0,0,0,0,0,0,1,Other,0,0,0,0,0,0,0,0,0,1
1.90412378961067E-20,7.349469634268622E-13,7.736404390870938E-18,4.752230215448225E-20,3.21661281868295E-17,8.012341586006733E-17,0.999999999999265,Predicted Result:,6,0,0,0,0,0,0,1,Other,0,0,0,0,0,0,0,0,0,1
1.90412378961067E-20,7.349469634268622E-13,7.736404390870938E-18,4.752230215448225E-20,3.21661281868295E-17,8.012341586006733E-17,0.999999999999265,Predicted Result:,6,0,0,0,0,0,0,1,Other,0,0,0,0,0,0,0,0,0,1
1.90412378961067E-20,7.349469634268622E-13,7.736404390870938E-18,4.752230215448225E-20,3.21661281868295E-17,8.012341586006733E-17,0.999999999999265,Predicted Result:,6,0,0,0,0,0,0,1,Other,0,0,0,0,0,0,0,0,0,1
1.90412378961067E-20,7.349469634268622E-13,7.736404390870938E-18,4.752230215448225E-20,3.21661281868295E-17,8.012341586006733E-17,0.999999999999265,Predicted Result:,6,0,0,0,0,0,0,1,Other,0,0,0,0,0,0,0,0,0,1
1.90412378961067E-20,7.349469634268622E-13,7.736404390870938E-18,4.752230215448225E-20,3.21661281868295E-17,8.012341586006733E-17,0.999999999999265,Predicted Result:,6,0,0,0,0,0,0,1,Other,0,0,0,0,0,0,0,0,0,1
1.90412378961067E-20,7.349469634268622E-13,7.736404390870938E-18,4.752230215448225E-20,3.21661281868295E-17,8.012341586006733E-17,0.999999999999265,Predicted Result:,6,0,0,0,0,0,0,1,Other,0,0,0,0,0,0,0,0,0,1
1.90412378961067E-20,7.349469634268622E-13,7.736404390870938E-18,4.752230215448225E-20,3.21661281868295E-17,8.012341586006733E-17,0.999999999999265,Predicted Result:,6,0,0,0,0,0,0,1,Other,0,0,0,0,0,0,0,0,0,1
1.90412378961067E-20,7.349469634268622E-13,7.736404390870938E-18,4.752230215448225E-20,3.21661281868295E-17,8.012341586006733E-17,0.999999999999265,Predicted Result:,6,0,0,0,0,0,0,1,Other,0,0,0,0,0,0,0,0,0,1
1.90412378961067E-20,7.349469634268622E-13,7.736404390870938E-18,4.752230215448225E-20,3.21661281868295E-17,8.012341586006733E-17,0.999999999999265,Predicted Result:,6,0,0,0,0,0,0,1,Other,0,0,0,0,0,0,0,0,0,1
1.90412378961067E-20,7.349469634268622E-13,7.736404390870938E-18,4.752230215448225E-20,3.21661281868295E-17,8.012341586006733E-17,0.999999999999265,Predicted Result:,6,0,0,0,0,0,0,1,Other,0,0,0,0,0,0,0,0,0,1
1.90412378961067E-20,7.349469634268622E-13,7.736404390870938E-18,4.752230215448225E-20,3.21661281868295E-17,8.012341586006733E-17,0.999999999999265,Predicted Result:,6,0,0,0,0,0,0,1,Other,0,0,0,0,0,0,0,0,0,1
1.90412378961067E-20,7.349469634268622E-13,7.736404390870938E-18,4.752230215448225E-20,3.21661281868295E-17,8.012341586006733E-17,0.999999999999265,Predicted Result:,6,0,0,0,0,0,0,1,Other,0,0,0,0,0,0,0,0,0,1
1.90412378961067E-20,7.349469634268622E-13,7.736404390870938E-18,4.752230215448225E-20,3.21661281868295E-17,8.012341586006733E-17,0.999999999999265,Predicted Result:,6,0,0,0,0,0,0,1,Other,0,0,0,0,0,0,0,0,0,1
1.90412378961067E-20,7.349469634268622E-13,7.736404390870938E-18,4.752230215448225E-20,3.21661281868295E-17,8.012341586006733E-17,0.999999999999265,Predicted Result:,6,0,0,0,0,0,0,1,Other,0,0,0,0,0,0,0,0,0,1
1.90412378961067E-20,7.349469634268622E-13,7.736404390870938E-18,4.752230215448225E-20,3.21661281868295E-17,8.012341586006733E-17,0.999999999999265,Predicted Result:,6,0,0,0,0,0,0,1,Other,0,0,0,0,0,0,0,0,0,1
1.90412378961067E-20,7.349469634268622E-13,7.736404390870938E-18,4.752230215448225E-20,3.21661281868295E-17,8.012341586006733E-17,0.999999999999265,Predicted Result:,6,0,0,0,0,0,0,1,Other,0,0,0,0,0,0,0,0,0,1
1.90412378961067E-20,7.349469634268622E-13,7.736404390870938E-18,4.752230215448225E-20,3.21661281868295E-17,8.012341586006733E-17,0.999999999999265,Predicted Result:,6,0,0,0,0,0,0,1,Other,0,0,0,0,0,0,0,0,0,1
1.90412378961067E-20,7.349469634268622E-13,7.736404390870938E-18,4.752230215448225E-20,3.21661281868295E-17,8.012341586006733E-17,0.999999999999265,Predicted Result:,6,0,0,0,0,0,0,1,Other,0,0,0,0,0,0,0,0,0,1
1.90412378961067E-20,7.349469634268622E-13,7.736404390870938E-18,4.752230215448225E-20,3.21661281868295E-17,8.012341586006733E-17,0.999999999999265,Predicted Result:,6,0,0,0,0,0,0,1,Other,0,0,0,0,0,0,0,0,0,1
1.90412378961067E-20,7.349469634268622E-13,7.736404390870938E-18,4.752230215448225E-20,3.21661281868295E-17,8.012341586006733E-17,0.999999999999265,Predicted Result:,6,0,0,0,0,0,0,1,Other,0,0,0,0,0,0,0,0,0,1
1.90412378961067E-20,7.349469634268622E-13,7.736404390870938E-18,4.752230215448225E-20,3.21661281868295E-17,8.012341586006733E-17,0.999999999999265,Predicted Result:,6,0,0,0,0,0,0,1,Other,0,0,0,0,0,0,0,0,0,1
1.90412378961067E-20,7.349469634268622E-13,7.736404390870938E-18,4.752230215448225E-20,3.21661281868295E-17,8.012341586006733E-17,0.999999999999265,Predicted Result:,6,0,0,0,0,0,0,1,Other,0,0,0,0,0,0,0,0,0,1
1.90412378961067E-20,7.349469634268622E-13,7.736404390870938E-18,4.752230215448225E-20,3.21661281868295E-17,8.012341586006733E-17,0.999999999999265,Predicted Result:,6,0,0,0,0,0,0,1,Other,0,0,0,0,0,0,0,0,0,1
1.90412378961067E-20,7.349469634268622E-13,7.736404390870938E-18,4.752230215448225E-20,3.21661281868295E-17,8.012341586006733E-17,0.999999999999265,Predicted Result:,6,0,0,0,0,0,0,1,Other,0,0,0,0,0,0,0,0,0,1
1.90412378961067E-20,7.349469634268622E-13,7.736404390870938E-18,4.752230215448225E-20,3.21661281868295E-17,8.012341586006733E-17,0.999999999999265,Predicted Result:,6,0,0,0,0,0,0,1,Other,0,0,0,0,0,0,0,0,0,1
1.90412378961067E-20,7.349469634268622E-13,7.736404390870938E-18,4.752230215448225E-20,3.21661281868295E-17,8.012341586006733E-17,0.999999999999265,Predicted Result:,6,0,0,0,0,0,0,1,Other,0,0,0,0,0,0,0,0,0,1
1.90412378961067E-20,7.349469634268622E-13,7.736404390870938E-18,4.752230215448225E-20,3.21661281868295E-17,8.012341586006733E-17,0.999999999999265,Predicted Result:,6,0,0,0,0,0,0,1,Other,0,0,0,0,0,0,0,0,0,1
1.90412378961067E-20,7.349469634268622E-13,7.736404390870938E-18,4.752230215448225E-20,3.21661281868295E-17,8.012341586006733E-17,0.999999999999265,Predicted Result:,6,0,0,0,0,0,0,1,Other,0,0,0,0,0,0,0,0,0,1
1.90412378961067E-20,7.349469634268622E-13,7.736404390870938E-18,4.752230215448225E-20,3.21661281868295E-17,8.012341586006733E-17,0.999999999999265,Predicted Result:,6,0,0,0,0,0,0,1,Other,0,0,0,0,0,0,0,0,0,1
1.90412378961067E-20,7.349469634268622E-13,7.736404390870938E-18,4.752230215448225E-20,3.21661281868295E-17,8.012341586006733E-17,0.999999999999265,Predicted Result:,6,0,0,0,0,0,0,1,Other,0,0,0,0,0,0,0,0,0,1
1.90412378961067E-20,7.349469634268622E-13,7.736404390870938E-18,4.752230215448225E-20,3.21661281868295E-17,8.012341586006733E-17,0.999999999999265,Predicted Result:,6,0,0,0,0,0,0,1,Other,0,0,0,0,0,0,0,0,0,1
1.90412378961067E-20,7.349469634268622E-13,7.736404390870938E-18,4.752230215448225E-20,3.21661281868295E-17,8.012341586006733E-17,0.999999999999265,Predicted Result:,6,0,0,0,0,0,0,1,Other,0,0,0,0,0,0,0,0,0,1
1.90412378961067E-20,7.349469634268622E-13,7.736404390870938E-18,4.752230215448225E-20,3.21661281868295E-17,8.012341586006733E-17,0.999999999999265,Predicted Result:,6,0,0,0,0,0,0,1,Other,0,0,0,0,0,0,0,0,0,1
1.90412378961067E-20,7.349469634268622E-13,7.736404390870938E-18,4.752230215448225E-20,3.21661281868295E-17,8.012341586006733E-17,0.999999999999265,Predicted Result:,6,0,0,0,0,0,0,1,Other,0,0,0,0,0,0,0,0,0,1
1.90412378961067E-20,7.349469634268622E-13,7.736404390870938E-18,4.752230215448225E-20,3.21661281868295E-17,8.012341586006733E-17,0.999999999999265,Predicted Result:,6,0,0,0,0,0,0,1,Other,0,0,0,0,0,0,0,0,0,1
1.90412378961067E-20,7.349469634268622E-13,7.736404390870938E-18,4.752230215448225E-20,3.21661281868295E-17,8.012341586006733E-17,0.999999999999265,Predicted Result:,6,0,0,0,0,0,0,1,Other,0,0,0,0,0,0,0,0,0,1
5.100743723778337E-19,6.893085490837524E-10,2.5905232866717085E-16,6.365108344659048E-19,4.308311711663366E-16,9.837374940275023E-16,0.9999999993106898,Predicted Result:,6,0,0,0,0,0,0,1,Other,0,0,0,0,0,0,0,0,0,1
