32.452991452991455,0.17094017094017094,3.786324786324786,0.0,0.0,2.0598290598290596,0.0,0.0,0.6837606837606838,0.0,0.06837606837606838,0.0,0.0,0.0,0.0,0.0,0.0,0.0,0.0,0.008547008547008548,0.0,0.0,0.0,0.0,0.0,0.0,0.5555555555555556,0.0,0.0,0.1452991452991453,0.0,0.0,0.0,0.0,0.0,0.0,0.0,0.0,0.06837606837606838,0.0,0.0,0.0,0.0,0.0,0.0,1.0,0.0,0.0,0.0,1.0,0.0,0.0,0.0,0.0,0.0,0.0,0.0
32.452991452991455,0.17094017094017094,3.786324786324786,0.0,0.0,2.0598290598290596,0.0,0.0,0.6837606837606838,0.0,0.06837606837606838,0.0,0.0,0.0,0.0,0.0,0.0,0.0,0.0,0.008547008547008548,0.0,0.0,0.0,0.0,0.0,0.0,0.5555555555555556,0.0,0.0,0.1452991452991453,0.0,0.0,0.0,0.0,0.0,0.0,0.0,0.0,0.06837606837606838,0.0,0.0,0.0,0.0,0.0,0.0,1.0,0.0,0.0,0.0,1.0,0.0,0.0,0.0,0.0,0.0,0.0,1.0
32.452991452991455,0.17094017094017094,3.786324786324786,0.0,0.0,2.0598290598290596,0.0,0.0,0.6837606837606838,0.0,0.06837606837606838,0.0,0.0,0.0,0.0,0.0,0.0,0.0,0.0,0.008547008547008548,0.0,0.0,0.0,0.0,0.0,0.0,0.5555555555555556,0.0,0.0,0.1452991452991453,0.0,0.0,0.0,0.0,0.0,0.0,0.0,0.0,0.06837606837606838,0.0,0.0,0.0,0.0,0.0,0.0,1.0,0.0,0.0,0.0,1.0,0.0,0.0,0.0,0.0,0.0,0.0,1.0
32.452991452991455,0.17094017094017094,3.786324786324786,0.0,0.0,2.0598290598290596,0.0,0.0,0.6837606837606838,0.0,0.06837606837606838,0.0,0.0,0.0,0.0,0.0,0.0,0.0,0.0,0.008547008547008548,0.0,0.0,0.0,0.0,0.0,0.0,0.5555555555555556,0.0,0.0,0.1452991452991453,0.0,0.0,0.0,0.0,0.0,0.0,0.0,0.0,0.06837606837606838,0.0,0.0,0.0,0.0,0.0,0.0,1.0,0.0,0.0,0.0,1.0,0.0,0.0,0.0,0.0,0.0,0.0,1.0
32.452991452991455,0.17094017094017094,3.786324786324786,0.0,0.0,2.0598290598290596,0.0,0.0,0.6837606837606838,0.0,0.06837606837606838,0.0,0.0,0.0,0.0,0.0,0.0,0.0,0.0,0.008547008547008548,0.0,0.0,0.0,0.0,0.0,0.0,0.5555555555555556,0.0,0.0,0.1452991452991453,0.0,0.0,0.0,0.0,0.0,0.0,0.0,0.0,0.06837606837606838,0.0,0.0,0.0,0.0,0.0,0.0,1.0,0.0,0.0,0.0,1.0,0.0,0.0,0.0,0.0,0.0,0.0,1.0
32.452991452991455,0.17094017094017094,3.786324786324786,0.0,0.0,2.0598290598290596,0.0,0.0,0.6837606837606838,0.0,0.06837606837606838,0.0,0.0,0.0,0.0,0.0,0.0,0.0,0.0,0.008547008547008548,0.0,0.0,0.0,0.0,0.0,0.0,0.5555555555555556,0.0,0.0,0.1452991452991453,0.0,0.0,0.0,0.0,0.0,0.0,0.0,0.0,0.06837606837606838,0.0,0.0,0.0,0.0,0.0,0.0,1.0,0.0,0.0,0.0,1.0,0.0,0.0,0.0,0.0,0.0,0.0,1.0
32.452991452991455,0.17094017094017094,3.786324786324786,0.0,0.0,2.0598290598290596,0.0,0.0,0.6837606837606838,0.0,0.06837606837606838,0.0,0.0,0.0,0.0,0.0,0.0,0.0,0.0,0.008547008547008548,0.0,0.0,0.0,0.0,0.0,0.0,0.5555555555555556,0.0,0.0,0.1452991452991453,0.0,0.0,0.0,0.0,0.0,0.0,0.0,0.0,0.06837606837606838,0.0,0.0,0.0,0.0,0.0,0.0,1.0,0.0,0.0,0.0,1.0,0.0,0.0,0.0,0.0,0.0,0.0,1.0
32.452991452991455,0.17094017094017094,3.786324786324786,0.0,0.0,2.0598290598290596,0.0,0.0,0.6837606837606838,0.0,0.06837606837606838,0.0,0.0,0.0,0.0,0.0,0.0,0.0,0.0,0.008547008547008548,0.0,0.0,0.0,0.0,0.0,0.0,0.5555555555555556,0.0,0.0,0.1452991452991453,0.0,0.0,0.0,0.0,0.0,0.0,0.0,0.0,0.06837606837606838,0.0,0.0,0.0,0.0,0.0,0.0,1.0,0.0,0.0,0.0,1.0,0.0,0.0,0.0,0.0,0.0,0.0,1.0
32.452991452991455,0.17094017094017094,3.786324786324786,0.0,0.0,2.0598290598290596,0.0,0.0,0.6837606837606838,0.0,0.06837606837606838,0.0,0.0,0.0,0.0,0.0,0.0,0.0,0.0,0.008547008547008548,0.0,0.0,0.0,0.0,0.0,0.0,0.5555555555555556,0.0,0.0,0.1452991452991453,0.0,0.0,0.0,0.0,0.0,0.0,0.0,0.0,0.06837606837606838,0.0,0.0,0.0,0.0,0.0,0.0,1.0,0.0,0.0,0.0,1.0,0.0,0.0,0.0,0.0,0.0,0.0,1.0
32.452991452991455,0.17094017094017094,3.786324786324786,0.0,0.0,2.0598290598290596,0.0,0.0,0.6837606837606838,0.0,0.06837606837606838,0.0,0.0,0.0,0.0,0.0,0.0,0.0,0.0,0.008547008547008548,0.0,0.0,0.0,0.0,0.0,0.0,0.5555555555555556,0.0,0.0,0.1452991452991453,0.0,0.0,0.0,0.0,0.0,0.0,0.0,0.0,0.06837606837606838,0.0,0.0,0.0,0.0,0.0,0.0,1.0,0.0,0.0,0.0,1.0,0.0,0.0,0.0,0.0,0.0,0.0,1.0
32.452991452991455,0.17094017094017094,3.786324786324786,0.0,0.0,2.0598290598290596,0.0,0.0,0.6837606837606838,0.0,0.06837606837606838,0.0,0.0,0.0,0.0,0.0,0.0,0.0,0.0,0.008547008547008548,0.0,0.0,0.0,0.0,0.0,0.0,0.5555555555555556,0.0,0.0,0.1452991452991453,0.0,0.0,0.0,0.0,0.0,0.0,0.0,0.0,0.06837606837606838,0.0,0.0,0.0,0.0,0.0,0.0,1.0,0.0,0.0,0.0,1.0,0.0,0.0,0.0,0.0,0.0,0.0,1.0
32.452991452991455,0.17094017094017094,3.786324786324786,0.0,0.0,2.0598290598290596,0.0,0.0,0.6837606837606838,0.0,0.06837606837606838,0.0,0.0,0.0,0.0,0.0,0.0,0.0,0.0,0.008547008547008548,0.0,0.0,0.0,0.0,0.0,0.0,0.5555555555555556,0.0,0.0,0.1452991452991453,0.0,0.0,0.0,0.0,0.0,0.0,0.0,0.0,0.06837606837606838,0.0,0.0,0.0,0.0,0.0,0.0,1.0,0.0,0.0,0.0,1.0,0.0,0.0,0.0,0.0,0.0,0.0,1.0
32.452991452991455,0.17094017094017094,3.786324786324786,0.0,0.0,2.0598290598290596,0.0,0.0,0.6837606837606838,0.0,0.06837606837606838,0.0,0.0,0.0,0.0,0.0,0.0,0.0,0.0,0.008547008547008548,0.0,0.0,0.0,0.0,0.0,0.0,0.5555555555555556,0.0,0.0,0.1452991452991453,0.0,0.0,0.0,0.0,0.0,0.0,0.0,0.0,0.06837606837606838,0.0,0.0,0.0,0.0,0.0,0.0,1.0,0.0,0.0,0.0,1.0,0.0,0.0,0.0,0.0,0.0,0.0,1.0
32.452991452991455,0.17094017094017094,3.786324786324786,0.0,0.0,2.0598290598290596,0.0,0.0,0.6837606837606838,0.0,0.06837606837606838,0.0,0.0,0.0,0.0,0.0,0.0,0.0,0.0,0.008547008547008548,0.0,0.0,0.0,0.0,0.0,0.0,0.5555555555555556,0.0,0.0,0.1452991452991453,0.0,0.0,0.0,0.0,0.0,0.0,0.0,0.0,0.06837606837606838,0.0,0.0,0.0,0.0,0.0,0.0,1.0,0.0,0.0,0.0,1.0,0.0,0.0,0.0,0.0,0.0,0.0,1.0
32.452991452991455,0.17094017094017094,3.786324786324786,0.0,0.0,2.0598290598290596,0.0,0.0,0.6837606837606838,0.0,0.06837606837606838,0.0,0.0,0.0,0.0,0.0,0.0,0.0,0.0,0.008547008547008548,0.0,0.0,0.0,0.0,0.0,0.0,0.5555555555555556,0.0,0.0,0.1452991452991453,0.0,0.0,0.0,0.0,0.0,0.0,0.0,0.0,0.06837606837606838,0.0,0.0,0.0,0.0,0.0,0.0,1.0,0.0,0.0,0.0,1.0,0.0,0.0,0.0,0.0,0.0,0.0,1.0
32.452991452991455,0.17094017094017094,3.786324786324786,0.0,0.0,2.0598290598290596,0.0,0.0,0.6837606837606838,0.0,0.06837606837606838,0.0,0.0,0.0,0.0,0.0,0.0,0.0,0.0,0.008547008547008548,0.0,0.0,0.0,0.0,0.0,0.0,0.5555555555555556,0.0,0.0,0.1452991452991453,0.0,0.0,0.0,0.0,0.0,0.0,0.0,0.0,0.06837606837606838,0.0,0.0,0.0,0.0,0.0,0.0,1.0,0.0,0.0,0.0,1.0,0.0,0.0,0.0,0.0,0.0,0.0,1.0
32.452991452991455,0.17094017094017094,3.786324786324786,0.0,0.0,2.0598290598290596,0.0,0.0,0.6837606837606838,0.0,0.06837606837606838,0.0,0.0,0.0,0.0,0.0,0.0,0.0,0.0,0.008547008547008548,0.0,0.0,0.0,0.0,0.0,0.0,0.5555555555555556,0.0,0.0,0.1452991452991453,0.0,0.0,0.0,0.0,0.0,0.0,0.0,0.0,0.06837606837606838,0.0,0.0,0.0,0.0,0.0,0.0,1.0,0.0,0.0,0.0,1.0,0.0,0.0,0.0,0.0,0.0,0.0,1.0
32.452991452991455,0.17094017094017094,3.786324786324786,0.0,0.0,2.0598290598290596,0.0,0.0,0.6837606837606838,0.0,0.06837606837606838,0.0,0.0,0.0,0.0,0.0,0.0,0.0,0.0,0.008547008547008548,0.0,0.0,0.0,0.0,0.0,0.0,0.5555555555555556,0.0,0.0,0.1452991452991453,0.0,0.0,0.0,0.0,0.0,0.0,0.0,0.0,0.06837606837606838,0.0,0.0,0.0,0.0,0.0,0.0,1.0,0.0,0.0,0.0,1.0,0.0,0.0,0.0,0.0,0.0,0.0,1.0
32.452991452991455,0.17094017094017094,3.786324786324786,0.0,0.0,2.0598290598290596,0.0,0.0,0.6837606837606838,0.0,0.06837606837606838,0.0,0.0,0.0,0.0,0.0,0.0,0.0,0.0,0.008547008547008548,0.0,0.0,0.0,0.0,0.0,0.0,0.5555555555555556,0.0,0.0,0.1452991452991453,0.0,0.0,0.0,0.0,0.0,0.0,0.0,0.0,0.06837606837606838,0.0,0.0,0.0,0.0,0.0,0.0,1.0,0.0,0.0,0.0,1.0,0.0,0.0,0.0,0.0,0.0,0.0,1.0
32.452991452991455,0.17094017094017094,3.786324786324786,0.0,0.0,2.0598290598290596,0.0,0.0,0.6837606837606838,0.0,0.06837606837606838,0.0,0.0,0.0,0.0,0.0,0.0,0.0,0.0,0.008547008547008548,0.0,0.0,0.0,0.0,0.0,0.0,0.5555555555555556,0.0,0.0,0.1452991452991453,0.0,0.0,0.0,0.0,0.0,0.0,0.0,0.0,0.06837606837606838,0.0,0.0,0.0,0.0,0.0,0.0,1.0,0.0,0.0,0.0,1.0,0.0,0.0,0.0,0.0,0.0,0.0,1.0
32.452991452991455,0.17094017094017094,3.786324786324786,0.0,0.0,2.0598290598290596,0.0,0.0,0.6837606837606838,0.0,0.06837606837606838,0.0,0.0,0.0,0.0,0.0,0.0,0.0,0.0,0.008547008547008548,0.0,0.0,0.0,0.0,0.0,0.0,0.5555555555555556,0.0,0.0,0.1452991452991453,0.0,0.0,0.0,0.0,0.0,0.0,0.0,0.0,0.06837606837606838,0.0,0.0,0.0,0.0,0.0,0.0,1.0,0.0,0.0,0.0,1.0,0.0,0.0,0.0,0.0,0.0,0.0,1.0
32.452991452991455,0.17094017094017094,3.786324786324786,0.0,0.0,2.0598290598290596,0.0,0.0,0.6837606837606838,0.0,0.06837606837606838,0.0,0.0,0.0,0.0,0.0,0.0,0.0,0.0,0.008547008547008548,0.0,0.0,0.0,0.0,0.0,0.0,0.5555555555555556,0.0,0.0,0.1452991452991453,0.0,0.0,0.0,0.0,0.0,0.0,0.0,0.0,0.06837606837606838,0.0,0.0,0.0,0.0,0.0,0.0,1.0,0.0,0.0,0.0,1.0,0.0,0.0,0.0,0.0,0.0,0.0,1.0
32.452991452991455,0.17094017094017094,3.786324786324786,0.0,0.0,2.0598290598290596,0.0,0.0,0.6837606837606838,0.0,0.06837606837606838,0.0,0.0,0.0,0.0,0.0,0.0,0.0,0.0,0.008547008547008548,0.0,0.0,0.0,0.0,0.0,0.0,0.5555555555555556,0.0,0.0,0.1452991452991453,0.0,0.0,0.0,0.0,0.0,0.0,0.0,0.0,0.06837606837606838,0.0,0.0,0.0,0.0,0.0,0.0,1.0,0.0,0.0,0.0,1.0,0.0,0.0,0.0,0.0,0.0,0.0,1.0
32.452991452991455,0.17094017094017094,3.786324786324786,0.0,0.0,2.0598290598290596,0.0,0.0,0.6837606837606838,0.0,0.06837606837606838,0.0,0.0,0.0,0.0,0.0,0.0,0.0,0.0,0.008547008547008548,0.0,0.0,0.0,0.0,0.0,0.0,0.5555555555555556,0.0,0.0,0.1452991452991453,0.0,0.0,0.0,0.0,0.0,0.0,0.0,0.0,0.06837606837606838,0.0,0.0,0.0,0.0,0.0,0.0,1.0,0.0,0.0,0.0,1.0,0.0,1.0,0.0,0.0,0.0,0.0,0.0
32.452991452991455,0.17094017094017094,3.786324786324786,0.0,0.0,2.0598290598290596,0.0,0.0,0.6837606837606838,0.0,0.06837606837606838,0.0,0.0,0.0,0.0,0.0,0.0,0.0,0.0,0.008547008547008548,0.0,0.0,0.0,0.0,0.0,0.0,0.5555555555555556,0.0,0.0,0.1452991452991453,0.0,0.0,0.0,0.0,0.0,0.0,0.0,0.0,0.06837606837606838,0.0,0.0,0.0,0.0,0.0,0.0,1.0,0.0,0.0,0.0,1.0,0.0,1.0,0.0,0.0,0.0,0.0,0.0
32.452991452991455,0.17094017094017094,3.786324786324786,0.0,0.0,2.0598290598290596,0.0,0.0,0.6837606837606838,0.0,0.06837606837606838,0.0,0.0,0.0,0.0,0.0,0.0,0.0,0.0,0.008547008547008548,0.0,0.0,0.0,0.0,0.0,0.0,0.5555555555555556,0.0,0.0,0.1452991452991453,0.0,0.0,0.0,0.0,0.0,0.0,0.0,0.0,0.06837606837606838,0.0,0.0,0.0,0.0,0.0,0.0,1.0,0.0,0.0,0.0,1.0,0.0,1.0,0.0,0.0,0.0,0.0,0.0
32.452991452991455,0.17094017094017094,3.786324786324786,0.0,0.0,2.0598290598290596,0.0,0.0,0.6837606837606838,0.0,0.06837606837606838,0.0,0.0,0.0,0.0,0.0,0.0,0.0,0.0,0.008547008547008548,0.0,0.0,0.0,0.0,0.0,0.0,0.5555555555555556,0.0,0.0,0.1452991452991453,0.0,0.0,0.0,0.0,0.0,0.0,0.0,0.0,0.06837606837606838,0.0,0.0,0.0,0.0,0.0,0.0,1.0,0.0,0.0,0.0,1.0,0.0,1.0,0.0,0.0,0.0,0.0,0.0
32.452991452991455,0.17094017094017094,3.786324786324786,0.0,0.0,2.0598290598290596,0.0,0.0,0.6837606837606838,0.0,0.06837606837606838,0.0,0.0,0.0,0.0,0.0,0.0,0.0,0.0,0.008547008547008548,0.0,0.0,0.0,0.0,0.0,0.0,0.5555555555555556,0.0,0.0,0.1452991452991453,0.0,0.0,0.0,0.0,0.0,0.0,0.0,0.0,0.06837606837606838,0.0,0.0,0.0,0.0,0.0,0.0,1.0,0.0,0.0,0.0,1.0,0.0,1.0,0.0,0.0,0.0,0.0,0.0
32.452991452991455,0.17094017094017094,3.786324786324786,0.0,0.0,2.0598290598290596,0.0,0.0,0.6837606837606838,0.0,0.06837606837606838,0.0,0.0,0.0,0.0,0.0,0.0,0.0,0.0,0.008547008547008548,0.0,0.0,0.0,0.0,0.0,0.0,0.5555555555555556,0.0,0.0,0.1452991452991453,0.0,0.0,0.0,0.0,0.0,0.0,0.0,0.0,0.06837606837606838,0.0,0.0,0.0,0.0,0.0,0.0,1.0,0.0,0.0,0.0,1.0,0.0,1.0,0.0,0.0,0.0,0.0,0.0
32.452991452991455,0.17094017094017094,3.786324786324786,0.0,0.0,2.0598290598290596,0.0,0.0,0.6837606837606838,0.0,0.06837606837606838,0.0,0.0,0.0,0.0,0.0,0.0,0.0,0.0,0.008547008547008548,0.0,0.0,0.0,0.0,0.0,0.0,0.5555555555555556,0.0,0.0,0.1452991452991453,0.0,0.0,0.0,0.0,0.0,0.0,0.0,0.0,0.06837606837606838,0.0,0.0,0.0,0.0,0.0,0.0,1.0,0.0,0.0,0.0,1.0,0.0,1.0,0.0,0.0,0.0,0.0,0.0
32.452991452991455,0.17094017094017094,3.786324786324786,0.0,0.0,2.0598290598290596,0.0,0.0,0.6837606837606838,0.0,0.06837606837606838,0.0,0.0,0.0,0.0,0.0,0.0,0.0,0.0,0.008547008547008548,0.0,0.0,0.0,0.0,0.0,0.0,0.5555555555555556,0.0,0.0,0.1452991452991453,0.0,0.0,0.0,0.0,0.0,0.0,0.0,0.0,0.06837606837606838,0.0,0.0,0.0,0.0,0.0,0.0,1.0,0.0,0.0,0.0,1.0,0.0,1.0,0.0,0.0,0.0,0.0,0.0
32.452991452991455,0.17094017094017094,3.786324786324786,0.0,0.0,2.0598290598290596,0.0,0.0,0.6837606837606838,0.0,0.06837606837606838,0.0,0.0,0.0,0.0,0.0,0.0,0.0,0.0,0.008547008547008548,0.0,0.0,0.0,0.0,0.0,0.0,0.5555555555555556,0.0,0.0,0.1452991452991453,0.0,0.0,0.0,0.0,0.0,0.0,0.0,0.0,0.06837606837606838,0.0,0.0,0.0,0.0,0.0,0.0,1.0,0.0,0.0,0.0,1.0,0.0,1.0,0.0,0.0,0.0,0.0,0.0
32.452991452991455,0.17094017094017094,3.786324786324786,0.0,0.0,2.0598290598290596,0.0,0.0,0.6837606837606838,0.0,0.06837606837606838,0.0,0.0,0.0,0.0,0.0,0.0,0.0,0.0,0.008547008547008548,0.0,0.0,0.0,0.0,0.0,0.0,0.5555555555555556,0.0,0.0,0.1452991452991453,0.0,0.0,0.0,0.0,0.0,0.0,0.0,0.0,0.06837606837606838,0.0,0.0,0.0,0.0,0.0,0.0,1.0,0.0,0.0,0.0,1.0,0.0,1.0,0.0,0.0,0.0,0.0,0.0
32.452991452991455,0.17094017094017094,3.786324786324786,0.0,0.0,2.0598290598290596,0.0,0.0,0.6837606837606838,0.0,0.06837606837606838,0.0,0.0,0.0,0.0,0.0,0.0,0.0,0.0,0.008547008547008548,0.0,0.0,0.0,0.0,0.0,0.0,0.5555555555555556,0.0,0.0,0.1452991452991453,0.0,0.0,0.0,0.0,0.0,0.0,0.0,0.0,0.06837606837606838,0.0,0.0,0.0,0.0,0.0,0.0,1.0,0.0,0.0,0.0,1.0,0.0,1.0,0.0,0.0,0.0,0.0,0.0
32.452991452991455,0.17094017094017094,3.786324786324786,0.0,0.0,2.0598290598290596,0.0,0.0,0.6837606837606838,0.0,0.06837606837606838,0.0,0.0,0.0,0.0,0.0,0.0,0.0,0.0,0.008547008547008548,0.0,0.0,0.0,0.0,0.0,0.0,0.5555555555555556,0.0,0.0,0.1452991452991453,0.0,0.0,0.0,0.0,0.0,0.0,0.0,0.0,0.06837606837606838,0.0,0.0,0.0,0.0,0.0,0.0,1.0,0.0,0.0,0.0,1.0,0.0,1.0,0.0,0.0,0.0,0.0,0.0
32.452991452991455,0.17094017094017094,3.786324786324786,0.0,0.0,2.0598290598290596,0.0,0.0,0.6837606837606838,0.0,0.06837606837606838,0.0,0.0,0.0,0.0,0.0,0.0,0.0,0.0,0.008547008547008548,0.0,0.0,0.0,0.0,0.0,0.0,0.5555555555555556,0.0,0.0,0.1452991452991453,0.0,0.0,0.0,0.0,0.0,0.0,0.0,0.0,0.06837606837606838,0.0,0.0,0.0,0.0,0.0,0.0,1.0,0.0,0.0,0.0,1.0,0.0,1.0,0.0,0.0,0.0,0.0,0.0
32.452991452991455,0.17094017094017094,3.786324786324786,0.0,0.0,2.0598290598290596,0.0,0.0,0.6837606837606838,0.0,0.06837606837606838,0.0,0.0,0.0,0.0,0.0,0.0,0.0,0.0,0.008547008547008548,0.0,0.0,0.0,0.0,0.0,0.0,0.5555555555555556,0.0,0.0,0.1452991452991453,0.0,0.0,0.0,0.0,0.0,0.0,0.0,0.0,0.06837606837606838,0.0,0.0,0.0,0.0,0.0,0.0,1.0,0.0,0.0,0.0,1.0,0.0,1.0,0.0,0.0,0.0,0.0,0.0
32.452991452991455,0.17094017094017094,3.786324786324786,0.0,0.0,2.0598290598290596,0.0,0.0,0.6837606837606838,0.0,0.06837606837606838,0.0,0.0,0.0,0.0,0.0,0.0,0.0,0.0,0.008547008547008548,0.0,0.0,0.0,0.0,0.0,0.0,0.5555555555555556,0.0,0.0,0.1452991452991453,0.0,0.0,0.0,0.0,0.0,0.0,0.0,0.0,0.06837606837606838,0.0,0.0,0.0,0.0,0.0,0.0,1.0,0.0,0.0,0.0,1.0,0.0,1.0,0.0,0.0,0.0,0.0,0.0
32.452991452991455,0.17094017094017094,3.786324786324786,0.0,0.0,2.0598290598290596,0.0,0.0,0.6837606837606838,0.0,0.06837606837606838,0.0,0.0,0.0,0.0,0.0,0.0,0.0,0.0,0.008547008547008548,0.0,0.0,0.0,0.0,0.0,0.0,0.5555555555555556,0.0,0.0,0.1452991452991453,0.0,0.0,0.0,0.0,0.0,0.0,0.0,0.0,0.06837606837606838,0.0,0.0,0.0,0.0,0.0,0.0,1.0,0.0,0.0,0.0,1.0,0.0,1.0,0.0,0.0,0.0,0.0,0.0
32.452991452991455,0.17094017094017094,3.786324786324786,0.0,0.0,2.0598290598290596,0.0,0.0,0.6837606837606838,0.0,0.06837606837606838,0.0,0.0,0.0,0.0,0.0,0.0,0.0,0.0,0.008547008547008548,0.0,0.0,0.0,0.0,0.0,0.0,0.5555555555555556,0.0,0.0,0.1452991452991453,0.0,0.0,0.0,0.0,0.0,0.0,0.0,0.0,0.06837606837606838,0.0,0.0,0.0,0.0,0.0,0.0,1.0,0.0,0.0,0.0,1.0,0.0,1.0,0.0,0.0,0.0,0.0,0.0
32.452991452991455,0.17094017094017094,3.786324786324786,0.0,0.0,2.0598290598290596,0.0,0.0,0.6837606837606838,0.0,0.06837606837606838,0.0,0.0,0.0,0.0,0.0,0.0,0.0,0.0,0.008547008547008548,0.0,0.0,0.0,0.0,0.0,0.0,0.5555555555555556,0.0,0.0,0.1452991452991453,0.0,0.0,0.0,0.0,0.0,0.0,0.0,0.0,0.06837606837606838,0.0,0.0,0.0,0.0,0.0,0.0,1.0,0.0,0.0,0.0,1.0,0.0,1.0,0.0,0.0,0.0,0.0,0.0
32.452991452991455,0.17094017094017094,3.786324786324786,0.0,0.0,2.0598290598290596,0.0,0.0,0.6837606837606838,0.0,0.06837606837606838,0.0,0.0,0.0,0.0,0.0,0.0,0.0,0.0,0.008547008547008548,0.0,0.0,0.0,0.0,0.0,0.0,0.5555555555555556,0.0,0.0,0.1452991452991453,0.0,0.0,0.0,0.0,0.0,0.0,0.0,0.0,0.06837606837606838,0.0,0.0,0.0,0.0,0.0,0.0,1.0,0.0,0.0,0.0,1.0,0.0,1.0,0.0,0.0,0.0,0.0,0.0
32.452991452991455,0.17094017094017094,3.786324786324786,0.0,0.0,2.0598290598290596,0.0,0.0,0.6837606837606838,0.0,0.06837606837606838,0.0,0.0,0.0,0.0,0.0,0.0,0.0,0.0,0.008547008547008548,0.0,0.0,0.0,0.0,0.0,0.0,0.5555555555555556,0.0,0.0,0.1452991452991453,0.0,0.0,0.0,0.0,0.0,0.0,0.0,0.0,0.06837606837606838,0.0,0.0,0.0,0.0,0.0,0.0,1.0,0.0,0.0,0.0,1.0,0.0,1.0,0.0,0.0,0.0,0.0,0.0
32.452991452991455,0.17094017094017094,3.786324786324786,0.0,0.0,2.0598290598290596,0.0,0.0,0.6837606837606838,0.0,0.06837606837606838,0.0,0.0,0.0,0.0,0.0,0.0,0.0,0.0,0.008547008547008548,0.0,0.0,0.0,0.0,0.0,0.0,0.5555555555555556,0.0,0.0,0.1452991452991453,0.0,0.0,0.0,0.0,0.0,0.0,0.0,0.0,0.06837606837606838,0.0,0.0,0.0,0.0,0.0,0.0,1.0,0.0,0.0,0.0,1.0,0.0,1.0,0.0,0.0,0.0,0.0,0.0
32.452991452991455,0.17094017094017094,3.786324786324786,0.0,0.0,2.0598290598290596,0.0,0.0,0.6837606837606838,0.0,0.06837606837606838,0.0,0.0,0.0,0.0,0.0,0.0,0.0,0.0,0.008547008547008548,0.0,0.0,0.0,0.0,0.0,0.0,0.5555555555555556,0.0,0.0,0.1452991452991453,0.0,0.0,0.0,0.0,0.0,0.0,0.0,0.0,0.06837606837606838,0.0,0.0,0.0,0.0,0.0,0.0,1.0,0.0,0.0,0.0,1.0,0.0,1.0,0.0,0.0,0.0,0.0,0.0
32.452991452991455,0.17094017094017094,3.786324786324786,0.0,0.0,2.0598290598290596,0.0,0.0,0.6837606837606838,0.0,0.06837606837606838,0.0,0.0,0.0,0.0,0.0,0.0,0.0,0.0,0.008547008547008548,0.0,0.0,0.0,0.0,0.0,0.0,0.5555555555555556,0.0,0.0,0.1452991452991453,0.0,0.0,0.0,0.0,0.0,0.0,0.0,0.0,0.06837606837606838,0.0,0.0,0.0,0.0,0.0,0.0,1.0,0.0,0.0,0.0,1.0,0.0,1.0,0.0,0.0,0.0,0.0,0.0
