0.0,0.0,0.0,0.08333333333333333,0.0,0.0,2.6666666666666665,10.916666666666666,0.0,13.333333333333334,5.25,1.1666666666666667,1.6666666666666667,0.25,0.6666666666666666,0.8333333333333334,1.9166666666666667,0.0,0.16666666666666666,0.0,0.0,0.5,0.0,0.0,0.0,0.0,0.0,0.0,0.0,0.0,0.0,0.0,0.5833333333333334,0.0,0.0,0.0,0.0,0.0,0.0,0.0,0.0,0.0,0.0,0.0,0.0,0.0,0.0,1.0,0.0,0.0,0.0,0.0,0.0,0.0,0.0,0.0,0.0
0.0,0.0,0.0,0.08333333333333333,0.0,0.0,2.6666666666666665,10.916666666666666,0.0,13.333333333333334,5.25,1.1666666666666667,1.6666666666666667,0.25,0.6666666666666666,0.8333333333333334,1.9166666666666667,0.0,0.16666666666666666,0.0,0.0,0.5,0.0,0.0,0.0,0.0,0.0,0.0,0.0,0.0,0.0,0.0,0.5833333333333334,0.0,0.0,0.0,0.0,0.0,0.0,0.0,0.0,0.0,0.0,0.0,0.0,0.0,0.0,1.0,0.0,0.0,0.0,0.0,0.0,0.0,0.0,0.0,0.0
0.0,0.0,0.0,0.08333333333333333,0.0,0.0,2.6666666666666665,10.916666666666666,0.0,13.333333333333334,5.25,1.1666666666666667,1.6666666666666667,0.25,0.6666666666666666,0.8333333333333334,1.9166666666666667,0.0,0.16666666666666666,0.0,0.0,0.5,0.0,0.0,0.0,0.0,0.0,0.0,0.0,0.0,0.0,0.0,0.5833333333333334,0.0,0.0,0.0,0.0,0.0,0.0,0.0,0.0,0.0,0.0,0.0,0.0,0.0,0.0,1.0,0.0,0.0,0.0,0.0,0.0,0.0,0.0,0.0,0.0
0.0,0.0,0.0,0.08333333333333333,0.0,0.0,2.6666666666666665,10.916666666666666,0.0,13.333333333333334,5.25,1.1666666666666667,1.6666666666666667,0.25,0.6666666666666666,0.8333333333333334,1.9166666666666667,0.0,0.16666666666666666,0.0,0.0,0.5,0.0,0.0,0.0,0.0,0.0,0.0,0.0,0.0,0.0,0.0,0.5833333333333334,0.0,0.0,0.0,0.0,0.0,0.0,0.0,0.0,0.0,0.0,0.0,0.0,0.0,0.0,1.0,0.0,0.0,0.0,0.0,0.0,0.0,0.0,0.0,0.0
0.0,0.0,0.0,0.08333333333333333,0.0,0.0,2.6666666666666665,10.916666666666666,0.0,13.333333333333334,5.25,1.1666666666666667,1.6666666666666667,0.25,0.6666666666666666,0.8333333333333334,1.9166666666666667,0.0,0.16666666666666666,0.0,0.0,0.5,0.0,0.0,0.0,0.0,0.0,0.0,0.0,0.0,0.0,0.0,0.5833333333333334,0.0,0.0,0.0,0.0,0.0,0.0,0.0,0.0,0.0,0.0,0.0,0.0,0.0,0.0,1.0,0.0,0.0,0.0,0.0,0.0,0.0,0.0,0.0,0.0
0.0,0.0,0.0,0.08333333333333333,0.0,0.0,2.6666666666666665,10.916666666666666,0.0,13.333333333333334,5.25,1.1666666666666667,1.6666666666666667,0.25,0.6666666666666666,0.8333333333333334,1.9166666666666667,0.0,0.16666666666666666,0.0,0.0,0.5,0.0,0.0,0.0,0.0,0.0,0.0,0.0,0.0,0.0,0.0,0.5833333333333334,0.0,0.0,0.0,0.0,0.0,0.0,0.0,0.0,0.0,0.0,0.0,0.0,0.0,0.0,1.0,0.0,0.0,0.0,0.0,0.0,0.0,0.0,0.0,0.0
0.0,0.0,0.0,0.08333333333333333,0.0,0.0,2.6666666666666665,10.916666666666666,0.0,13.333333333333334,5.25,1.1666666666666667,1.6666666666666667,0.25,0.6666666666666666,0.8333333333333334,1.9166666666666667,0.0,0.16666666666666666,0.0,0.0,0.5,0.0,0.0,0.0,0.0,0.0,0.0,0.0,0.0,0.0,0.0,0.5833333333333334,0.0,0.0,0.0,0.0,0.0,0.0,0.0,0.0,0.0,0.0,0.0,0.0,0.0,0.0,1.0,0.0,0.0,0.0,0.0,0.0,0.0,0.0,0.0,0.0
0.0,0.0,0.0,0.08333333333333333,0.0,0.0,2.6666666666666665,10.916666666666666,0.0,13.333333333333334,5.25,1.1666666666666667,1.6666666666666667,0.25,0.6666666666666666,0.8333333333333334,1.9166666666666667,0.0,0.16666666666666666,0.0,0.0,0.5,0.0,0.0,0.0,0.0,0.0,0.0,0.0,0.0,0.0,0.0,0.5833333333333334,0.0,0.0,0.0,0.0,0.0,0.0,0.0,0.0,0.0,0.0,0.0,0.0,0.0,0.0,1.0,0.0,0.0,0.0,0.0,0.0,0.0,0.0,0.0,0.0
0.0,0.0,0.0,0.08333333333333333,0.0,0.0,2.6666666666666665,10.916666666666666,0.0,13.333333333333334,5.25,1.1666666666666667,1.6666666666666667,0.25,0.6666666666666666,0.8333333333333334,1.9166666666666667,0.0,0.16666666666666666,0.0,0.0,0.5,0.0,0.0,0.0,0.0,0.0,0.0,0.0,0.0,0.0,0.0,0.5833333333333334,0.0,0.0,0.0,0.0,0.0,0.0,0.0,0.0,0.0,0.0,0.0,0.0,0.0,0.0,1.0,0.0,0.0,0.0,0.0,0.0,0.0,0.0,0.0,0.0
0.0,0.0,0.0,0.08333333333333333,0.0,0.0,2.6666666666666665,10.916666666666666,0.0,13.333333333333334,5.25,1.1666666666666667,1.6666666666666667,0.25,0.6666666666666666,0.8333333333333334,1.9166666666666667,0.0,0.16666666666666666,0.0,0.0,0.5,0.0,0.0,0.0,0.0,0.0,0.0,0.0,0.0,0.0,0.0,0.5833333333333334,0.0,0.0,0.0,0.0,0.0,0.0,0.0,0.0,0.0,0.0,0.0,0.0,0.0,0.0,1.0,0.0,0.0,0.0,0.0,0.0,0.0,0.0,0.0,0.0
0.0,0.0,0.0,0.08333333333333333,0.0,0.0,2.6666666666666665,10.916666666666666,0.0,13.333333333333334,5.25,1.1666666666666667,1.6666666666666667,0.25,0.6666666666666666,0.8333333333333334,1.9166666666666667,0.0,0.16666666666666666,0.0,0.0,0.5,0.0,0.0,0.0,0.0,0.0,0.0,0.0,0.0,0.0,0.0,0.5833333333333334,0.0,0.0,0.0,0.0,0.0,0.0,0.0,0.0,0.0,0.0,0.0,0.0,1.0,0.0,0.0,0.0,1.0,0.0,0.0,0.0,0.0,0.0,0.0,0.0
0.0,0.0,0.0,0.08333333333333333,0.0,0.0,2.6666666666666665,10.916666666666666,0.0,13.333333333333334,5.25,1.1666666666666667,1.6666666666666667,0.25,0.6666666666666666,0.8333333333333334,1.9166666666666667,0.0,0.16666666666666666,0.0,0.0,0.5,0.0,0.0,0.0,0.0,0.0,0.0,0.0,0.0,0.0,0.0,0.5833333333333334,0.0,0.0,0.0,0.0,0.0,0.0,0.0,0.0,0.0,0.0,0.0,0.0,0.0,1.0,0.0,0.0,0.0,0.0,0.0,0.0,1.0,0.0,0.0,0.0
