-8.4291,79.2642,0.0891,0.0062,0.0466,0.0082,0.059,0.0031,0.0596,2.0E-4,0.15,0.0018,0.2175,Other	
-8.6464,79.3704,0.1289,0.0021,0.0388,0.0116,0.1128,0.0096,0.0598,0.019,0.2327,0.0029,0.2069,Other	
-8.4524,79.1474,0.0771,0.0039,0.0454,0.002,0.0593,0.0123,0.0434,8.0E-4,0.3018,0.01,0.1888,Other	
-8.8367,78.8974,0.0736,0.0073,0.0347,0.0302,0.0392,0.0148,0.0498,0.007,0.1978,0.0026,0.1767,Other	
-9.1242,79.1088,0.0687,0.0054,0.0501,0.0189,0.0324,0.0174,0.0329,0.0023,0.1139,0.0017,0.1807,Other	
-9.351,79.3913,0.081,0.0,0.0484,6.0E-4,0.0542,0.0244,0.0457,0.0029,0.1991,0.0062,0.2306,Other	
-9.6186,79.4157,0.1428,0.0196,0.0604,0.0032,0.0795,0.0117,0.1222,0.0043,0.1813,0.0081,0.293,Other	
0.0,0.0,0.8684,0.148,0.2848,0.495,0.8745,0.2156,0.4786,0.0562,0.7339,0.0227,1.0848,Other	
0.0,0.0,4.1242,1.3114,1.2552,0.4217,3.853,0.1856,1.1181,0.1521,1.4878,0.0443,1.4238,Other	
0.0,0.0,6.7373,2.9807,2.0392,0.2543,5.8342,0.2239,1.1209,0.0593,3.0932,0.0982,2.3315,Other	
0.0,0.0,7.4048,3.2799,2.3256,0.0661,6.3172,0.7677,0.7499,0.2342,1.7918,0.1831,1.9403,Other	
0.0,0.0,7.8874,3.5635,2.4931,0.3971,6.5521,1.2254,0.3375,0.0593,2.2538,0.0261,1.2897,Other	
0.0,0.0,7.0436,3.0566,2.4003,1.319,5.6993,1.484,0.5114,0.0589,2.6646,0.047,0.8236,Other	
0.0,0.0,6.3305,3.0722,2.2195,1.0994,4.9576,1.2981,0.6017,0.0705,2.3362,0.0227,1.4126,Other	
0.0,0.0,6.8123,3.1235,2.319,1.1256,5.5185,1.012,0.4862,0.0859,1.9607,0.0076,1.1355,Other	
0.0,0.0,6.8851,2.9501,2.1063,0.4473,5.8493,1.0468,0.3148,0.0206,2.0804,0.0341,1.1687,Other	
0.0,0.0,6.7802,2.8839,2.162,0.2984,5.7784,1.0034,0.6355,0.2037,1.7141,0.1178,1.145,Other	
0.0,0.0,5.8155,3.0892,1.4903,0.8438,4.6643,0.7451,0.5025,0.1421,1.4972,0.0993,1.1095,Other	
0.0,0.0,6.2396,3.0206,1.9464,0.7542,5.1367,0.7676,0.5452,0.3216,1.1644,0.2603,1.0137,Other	
0.0,0.0,6.6817,2.7231,1.5424,0.6221,5.9439,0.8731,0.2943,0.0229,1.5902,0.043,1.2205,Other	
0.0,0.0,6.8864,3.0159,2.1611,1.3548,5.7067,0.6658,0.5497,0.0493,1.693,0.089,1.3462,Other	
0.0,0.0,7.1064,3.6611,2.4276,1.1843,5.5195,0.3846,0.7925,0.088,1.8097,0.0072,1.2481,Other	
0.0,0.0,7.5694,3.6071,2.3353,1.441,6.1284,0.5766,0.9379,0.0279,2.3283,0.0547,1.8901,Other	
0.0,0.0,7.5466,3.3127,2.263,0.6315,6.3496,0.7225,0.8096,0.012,1.7616,0.0813,1.1273,Other	
0.0,0.0,7.5468,3.5052,2.2478,0.2662,6.3074,0.3009,0.9704,0.1592,1.8422,0.1212,1.612,Other	
0.0,0.0,7.368,3.853,2.2014,0.3023,5.9193,0.5673,0.6572,0.1907,1.9236,0.0885,1.1642,Other	
0.0,0.0,7.0429,3.9613,1.9492,0.8768,5.4026,0.908,0.5154,0.0952,1.1381,0.0781,0.9966,Other	
0.0,0.0,7.5371,3.4963,2.5025,0.0731,6.2342,0.8147,0.4353,0.2085,1.6531,0.0988,0.9574,Other	
0.0,0.0,7.2663,2.8543,1.9827,0.5928,6.3858,0.7753,0.7819,0.0275,2.1765,0.0294,1.4376,Other	
0.0,0.0,6.5984,2.8366,2.0176,0.9278,5.6049,0.749,0.5671,0.0109,1.719,0.0681,1.0437,Other	
0.0,0.0,6.0413,2.8381,1.9162,1.3001,4.951,0.5051,0.345,0.0385,1.6778,0.0044,0.9897,Other	
0.0,0.0,7.1252,3.3768,1.9392,1.126,5.9168,0.8568,0.679,0.037,1.7739,0.0283,1.3275,Other	
0.0,0.0,7.7183,3.4013,2.4153,0.7503,6.4913,0.2109,0.6633,0.0114,2.5345,0.0724,1.7642,Other	
0.0,0.0,7.1464,3.0614,2.0573,0.1434,6.2247,0.0673,0.6201,0.0674,1.8917,0.0701,1.4094,Other	
0.0,0.0,6.9246,3.4952,2.0049,0.442,5.7201,0.2433,0.7304,0.2276,1.7402,0.1504,1.5546,Other	
0.0,0.0,5.9453,3.1915,1.5794,0.8989,4.6982,0.6177,0.8473,0.1035,1.5062,0.0393,1.2092,Other	
0.0,0.0,6.134,2.4854,1.6787,0.1874,5.4029,0.1939,0.5957,0.1113,1.3928,0.1507,1.2594,Other	
0.0,0.0,5.7897,2.2019,1.7274,0.9765,5.0588,0.0454,0.6755,0.1021,1.3251,0.0669,1.2056,Other	
0.0,0.0,5.4824,2.5524,1.9196,1.7492,4.1853,0.6216,0.4664,0.0542,1.476,0.0427,1.1142,Other	
0.0,0.0,5.9707,2.24,1.6023,0.6295,5.3187,0.3517,0.7042,0.0239,1.7175,0.0731,1.2321,Walk	
0.0,0.0,6.1286,2.6454,1.8453,0.3762,5.3816,0.389,0.7935,0.2237,1.7734,0.0951,1.421,Walk	
0.0,0.0,6.518,3.7841,1.97,1.2496,4.8104,0.3867,1.0283,0.0722,1.3498,0.1339,1.1094,Walk	
0.0,0.0,6.7205,2.7467,1.9435,0.2076,5.8314,0.8258,1.0103,0.2317,1.4769,0.0777,1.2453,Walk	
0.0,0.0,7.1847,3.0942,2.2665,1.2731,6.0144,0.5786,0.6858,0.0252,2.1073,0.0711,1.729,Walk	
0.0,0.0,5.8894,2.607,1.9882,1.6408,4.7567,0.1699,1.0084,0.039,1.7936,0.0031,1.5319,Walk	
0.0,0.0,5.9853,2.493,1.8185,1.2458,5.1087,0.1908,0.69,0.0068,1.7984,0.0345,1.4639,Walk	
0.0,0.0,6.8965,2.4156,1.9204,0.3066,6.2112,0.2132,0.929,0.1115,1.8755,0.0542,1.9837,Walk	
0.0,0.0,7.2529,3.4522,2.3896,0.4052,5.983,0.3968,0.6775,0.2533,2.1311,0.164,1.4583,Walk	
0.0,0.0,6.6751,3.742,1.8285,1.1513,5.1225,0.5605,0.6496,0.205,1.8911,0.1831,1.7093,Walk	
0.0,0.0,6.729,2.3315,1.99,0.4171,6.0565,0.0874,0.5885,0.02,1.9213,0.048,1.5316,Walk	
0.0,0.0,7.2829,3.1954,2.1542,0.2169,6.3164,0.5438,0.8879,0.097,2.8957,0.0324,1.7167,Walk	
0.0,0.0,7.279,3.0372,2.2008,0.9765,6.2176,0.6149,0.8057,0.0453,2.1266,0.1168,1.4316,Walk	
0.0,0.0,6.7019,3.2282,2.0777,1.6161,5.3437,0.4994,0.7016,0.1081,1.5839,0.0129,1.3807,Walk	
0.0,0.0,6.5684,2.9519,1.9066,1.0954,5.5664,0.6212,0.576,0.0552,1.7061,0.0605,1.2858,Walk	
0.0,0.0,6.5671,2.4484,1.7086,0.4585,5.8836,0.5866,0.5797,0.0931,1.7511,0.076,1.5371,Walk	
0.0,0.0,5.9984,2.6021,1.8461,0.5677,5.1368,0.3743,0.986,0.1798,1.6413,0.192,1.8462,Walk	
0.0,0.0,5.686,2.9952,1.588,1.022,4.5138,0.7177,0.685,0.1822,1.6421,0.1718,1.4416,Walk	
0.0,0.0,7.115,2.975,2.0464,0.052,6.1055,0.017,1.4017,0.1234,2.0822,0.1291,2.1337,Walk	
0.0,0.0,6.5011,2.6937,1.7282,1.1383,5.714,0.2843,0.3894,0.0382,1.9159,0.0275,1.5023,Walk	
0.0,0.0,6.5001,2.9838,1.8308,1.355,5.4175,0.5516,0.4863,0.0647,1.9078,0.0838,1.505,Walk	
0.0,0.0,6.9758,3.4193,2.001,1.3141,5.6571,0.7637,0.6609,0.0399,1.9764,0.0778,1.4886,Walk	
0.0,0.0,7.5838,3.3438,2.1721,0.7492,6.4548,0.4735,0.6219,0.0248,1.9949,0.0089,1.4795,Walk	
0.0,0.0,6.6219,2.7552,1.6203,0.0127,5.8616,0.4875,0.7572,0.0387,1.9695,0.07,1.7725,Walk	
0.0,0.0,5.792,2.3072,1.6404,0.2769,5.1794,0.5603,0.4669,0.2497,1.3891,0.1951,1.5444,Walk	
0.0,0.0,6.0811,3.1813,1.452,0.6436,5.0354,0.5536,0.8978,0.0082,1.9516,0.0563,2.0964,Walk	
0.0,0.0,7.1512,3.385,2.1577,0.4885,5.9576,0.3234,1.0317,0.2741,1.9235,0.2456,1.9546,Walk	
0.0,0.0,6.6514,2.7015,1.633,0.4289,5.9192,0.3232,0.9444,0.0262,1.7198,0.0639,1.554,Walk	
0.0,0.0,5.8778,2.2922,1.6072,1.2888,5.126,0.2975,0.8948,0.0755,1.7414,0.1189,1.5871,Walk	
0.0,0.0,5.1913,2.3509,1.5329,1.3287,4.2967,0.0937,0.8176,0.0379,2.1865,0.055,2.1188,Walk	
0.0,0.0,6.226,2.3163,2.012,1.1267,5.2568,0.7926,0.8225,0.0567,1.73,0.1052,1.6897,Walk	
0.0,0.0,6.1251,2.6881,1.7818,0.5646,5.1343,0.5909,1.1195,0.1751,1.3544,0.0804,0.9623,Walk	
0.0,0.0,5.8388,3.0794,1.5279,1.0664,4.605,0.6165,1.1043,0.0431,1.5453,0.0592,1.1248,Walk	
0.0,0.0,6.7711,3.0266,2.0872,0.7105,5.6066,0.8635,0.9414,0.2758,1.2433,0.1087,0.8787,Walk	
0.0,0.0,6.5495,2.4535,1.6579,0.9107,5.8279,0.6845,0.909,0.0341,1.8487,0.0091,1.0368,Walk	
0.0,0.0,6.5145,3.0862,2.0102,1.2085,5.2587,1.0577,0.8083,0.0522,1.7068,0.0257,0.8147,Walk	
0.0,0.0,6.5842,3.046,1.9695,1.245,5.2296,1.2498,1.1533,0.0051,2.0842,0.0283,0.9737,Walk	
0.0,0.0,6.3353,2.3202,1.7304,0.1149,5.7013,0.6324,0.6916,0.0675,1.8886,0.0409,1.145,Walk	
0.0,0.0,5.9433,2.5818,1.6729,0.6864,5.2138,0.5394,0.4531,0.3094,1.3612,0.1309,1.121,Walk	
0.0,0.0,6.1124,3.0159,1.7169,0.7409,5.004,0.8153,0.7036,0.0424,1.619,0.0243,1.3872,Walk	
0.0,0.0,5.9331,2.434,1.5492,0.4959,5.3018,0.5021,0.6607,0.2462,1.7812,0.1287,1.1414,Walk	
0.0,0.0,5.4277,1.8273,1.1425,0.5687,5.0173,0.6862,0.8109,0.0238,1.3392,0.0134,0.9659,Walk	
0.0,0.0,5.5706,2.3789,1.5877,1.4273,4.597,1.0896,0.4624,0.0178,1.5921,0.0308,0.9935,Walk	
0.0,0.0,5.3327,2.2037,1.4646,0.9541,4.7002,0.5865,0.4114,0.0045,1.4757,0.0133,1.0865,Walk	
0.0,0.0,5.6813,1.9471,1.3515,0.0254,5.221,0.5964,0.6201,0.0582,1.477,0.0474,0.9045,Walk	
0.0,0.0,5.1826,2.1474,1.5721,0.5839,4.4716,0.5341,0.692,0.1715,1.5125,0.0893,1.256,Walk	
0.0,0.0,5.1321,2.3287,1.4144,0.5745,4.2187,0.673,1.0137,0.0522,1.4389,0.0497,0.8707,Walk	
0.0,0.0,5.9104,2.6858,1.7342,0.7021,4.7947,0.5015,1.3522,0.2104,1.1587,0.0727,0.8335,Walk	
0.0,0.0,5.9946,2.1617,1.5474,0.4841,5.2859,0.7359,1.1951,2.0E-4,1.882,0.0101,0.909,Walk	
0.0,0.0,5.4637,2.0357,1.6878,0.5605,4.6115,0.8016,1.3347,0.0656,1.4012,0.0266,0.9162,Walk	
0.0,0.0,5.2156,2.2589,1.7066,0.9789,4.2871,0.8205,1.0348,0.0833,1.511,0.0462,0.8375,Walk	
0.0,0.0,5.3879,1.9431,1.6052,1.605,4.4746,0.2336,1.3324,0.0453,1.6815,0.1068,2.5735,Walk	
0.0,0.0,6.2147,2.6147,1.9374,0.7333,5.3861,0.6085,0.6824,0.1929,1.8598,0.1933,1.3021,Walk	
0.0,0.0,6.0541,3.1442,1.717,0.7391,4.8706,0.6697,0.5287,0.0041,1.1725,0.014,0.9697,Walk	
0.0,0.0,6.1687,2.6684,1.8886,0.5466,5.2859,0.5938,0.4475,0.1723,1.6817,0.1225,1.0168,Walk	
0.0,0.0,5.9313,2.1172,1.4501,0.6992,5.4499,0.348,0.6845,0.0211,1.58,0.0013,1.407,Walk	
0.0,0.0,5.9398,2.5329,1.6791,0.9893,5.1384,0.5953,0.4388,0.0445,1.7268,0.0316,1.0588,Walk	
0.0,0.0,5.4649,2.4511,1.5218,1.1877,4.6535,0.2796,0.3993,0.0424,1.5292,0.0098,1.1123,Walk	
0.0,0.0,5.6895,1.9993,1.523,0.6354,5.16,0.2475,0.707,0.0105,1.8387,0.0303,1.3267,Walk	
0.0,0.0,5.2577,1.9249,1.5086,0.405,4.812,0.0308,0.6112,0.0998,2.0571,0.0486,1.4941,Walk	
0.0,0.0,4.2889,1.9724,0.9747,0.8344,3.563,0.2823,1.1194,0.0967,1.5753,0.0214,1.5261,Walk	
0.0,0.0,5.1484,2.101,1.4491,0.2874,4.5831,0.1013,0.9169,0.2556,1.7356,0.2272,1.2666,Walk	
0.0,0.0,4.7135,1.2983,1.1974,0.8472,4.3551,0.2518,0.8429,0.0723,1.788,0.0404,1.376,Walk	
0.0,0.0,4.9449,2.0281,1.4112,1.1193,4.2774,0.3767,0.8093,0.0835,2.0165,0.0368,1.318,Walk	
0.0,0.0,4.4692,1.4728,1.2688,1.1117,3.9909,0.0288,0.9135,0.002,2.2901,0.007,2.8881,Walk	
0.0,0.0,4.5993,1.6551,1.196,0.3469,4.2901,0.1714,0.5256,0.0622,1.9433,0.0423,1.3127,Walk	
0.0,0.0,2.9581,1.1655,0.7642,0.8656,2.4816,0.2833,0.6716,0.0144,1.4408,0.0301,0.9566,Walk	
0.0,0.0,3.927,1.3743,0.8446,0.06,3.7347,0.0045,0.601,0.0112,1.3316,0.0789,1.0062,Circuit	
13.3035,81.9292,1.4688,0.0251,0.3151,0.5051,1.6057,0.2132,0.8325,0.1992,0.9253,0.0574,0.3226,Circuit	
0.0,0.0,0.7194,0.0219,0.2603,0.1993,0.5355,0.3398,0.2893,0.0592,1.0066,4.0E-4,0.5715,Circuit	
0.0,0.0,4.6846,1.4721,1.7072,0.2319,1.8517,1.9302,4.4168,0.0768,2.8719,0.1483,6.0661,Circuit	
0.0,0.0,8.4137,3.2844,2.4498,2.1051,2.0955,0.3523,7.2642,0.294,6.1266,0.324,27.3667,Circuit	
0.0,0.0,7.3358,3.6327,2.4485,0.7742,1.2807,1.7233,5.5985,0.5752,4.0487,0.0399,5.5428,Circuit	
0.0,0.0,7.6818,3.7207,2.4542,0.8415,2.3754,1.6742,5.6937,0.0178,3.2904,1.5554,10.2944,Circuit	
0.0,0.0,8.4451,3.2557,2.4703,1.5308,1.7503,0.2302,7.1624,0.1489,5.9762,0.248,37.7798,Circuit	
0.0,0.0,9.5996,4.7429,3.2823,1.136,1.2214,1.1203,7.6272,0.1008,6.4404,0.26,41.1157,Circuit	
0.0,0.0,9.4578,4.9747,3.1265,1.0327,1.4418,2.1491,7.0644,0.1063,17.9872,0.1317,44.7985,Circuit	
0.0,0.0,9.4683,4.2682,3.1339,1.2139,1.3471,1.1038,7.9264,0.0445,7.0737,0.3723,18.2317,Circuit	
0.0,0.0,9.6297,3.8744,3.2955,0.9885,1.8044,0.2943,8.3504,0.0779,9.1418,0.0316,20.073,Circuit	
0.0,0.0,8.9131,3.8466,2.8964,1.0161,2.4849,0.7151,7.1654,0.1303,11.395,1.2245,17.1284,Circuit	
0.0,0.0,8.9677,4.4779,2.7664,0.5845,2.2074,1.5486,7.0623,0.0265,6.1139,1.145,12.2561,Circuit	
0.0,0.0,8.297,4.0571,2.9619,0.4935,2.0384,1.7589,6.3921,0.1598,3.9167,1.3135,9.0799,Circuit	
0.0,0.0,7.9107,3.1069,2.6335,0.7816,2.665,0.899,6.5606,0.0184,8.0687,0.4573,12.871,Circuit	
0.0,0.0,8.2704,4.6636,2.7539,0.6415,2.2924,1.7299,5.6717,0.2076,10.9988,0.2282,22.582,Circuit	
0.0,0.0,8.1528,3.1822,2.4187,0.9743,1.4664,0.5969,7.1611,0.2599,5.2831,0.1564,12.9923,Circuit	
0.0,0.0,9.9561,4.6131,2.9368,1.2628,2.0576,0.1754,8.2726,0.0142,6.2826,0.0718,45.0873,Circuit	
0.0,0.0,9.4876,4.4052,3.6202,0.3733,4.8598,0.5728,7.0424,0.225,10.905,0.5595,33.0301,Circuit	
0.0,0.0,8.7745,3.9164,2.844,0.879,3.0413,1.1894,6.8983,0.2977,6.5248,0.6928,10.0693,Circuit	
0.0,0.0,7.1318,3.5313,1.9889,0.2308,3.4971,1.4701,5.0511,0.1233,3.2033,0.4142,6.2242,Circuit	
0.0,0.0,7.9737,3.178,2.4709,0.5219,3.5637,1.1629,6.0884,0.5035,3.9148,0.0895,16.4499,Circuit	
0.0,0.0,8.5842,3.6075,2.918,1.0367,2.8752,0.3787,7.0568,0.0115,4.4651,0.4004,12.2014,Circuit	
0.0,0.0,8.1757,4.5765,2.6133,1.6368,2.8815,1.136,5.3095,0.0111,6.8932,0.0583,26.3498,Circuit	
0.0,0.0,8.7845,3.9484,2.7271,1.122,3.4635,0.2994,6.6332,0.0616,10.3366,0.3479,45.213,Circuit	
0.0,0.0,9.9094,4.4141,2.9432,1.0021,3.9318,0.0406,7.6083,0.0725,8.4582,0.271,58.2648,Circuit	
0.0,0.0,10.8625,4.8236,3.5799,0.4116,4.558,0.5816,8.0119,0.0132,6.9471,0.0844,42.0643,Circuit	
0.0,0.0,9.596,4.5481,3.4933,0.6966,4.1746,1.3278,6.6343,0.3981,9.6415,0.2205,43.2101,Circuit	
0.0,0.0,8.7787,3.9619,2.4757,0.2392,4.014,1.1639,6.5748,0.1941,6.4124,1.8202,9.2835,Circuit	
0.0,0.0,8.8709,4.0839,2.6157,0.1903,4.5024,1.0326,6.4296,0.1552,4.4055,0.4587,11.5108,Circuit	
0.0,0.0,8.141,3.5405,2.3887,0.4255,3.7716,1.3056,6.0065,0.133,4.1911,3.3411,40.9978,Circuit	
0.0,0.0,8.4591,3.229,2.6484,0.2147,3.5565,0.7327,6.6461,0.2244,7.6445,0.0938,31.9471,Circuit	
0.0,0.0,8.4682,3.5906,2.8196,1.1976,3.6083,0.513,6.3115,3.0E-4,7.0913,0.3189,36.5964,Circuit	
0.0,0.0,8.9289,4.7148,2.888,1.4686,3.8447,0.9207,5.8151,0.0892,4.4373,0.0213,47.2613,Circuit	
0.0,0.0,9.3207,4.4214,3.1018,1.091,4.3366,0.2891,6.3005,0.2535,5.3737,0.3411,50.3549,Circuit	
0.0,0.0,8.7342,3.3378,2.4876,1.1113,4.2602,0.3341,6.7008,0.0854,9.7438,0.0448,52.5849,Circuit	
0.0,0.0,7.9326,3.1737,2.3796,0.0138,3.5338,0.747,6.179,0.1416,6.5265,0.1527,22.0488,Circuit	
0.0,0.0,9.2523,4.6238,3.3705,0.3505,4.629,1.31,5.6356,0.3758,5.4984,3.1194,38.6179,Circuit	
0.0,0.0,9.0246,4.5193,2.8293,0.1083,3.5508,1.4524,6.5847,0.3936,5.449,3.1749,34.6903,Circuit	
0.0,0.0,9.9753,4.2921,3.255,0.0144,4.7909,0.5919,7.2825,0.0503,7.7981,0.252,54.2156,Circuit	
0.0,0.0,8.7714,3.7679,3.0131,1.784,4.561,0.3266,5.6573,0.0464,4.9169,0.3299,39.2586,Circuit	
0.0,0.0,10.1136,5.4513,3.2894,1.3781,4.4537,0.9448,6.4271,0.1114,7.9086,0.0907,44.3706,Circuit	
0.0,0.0,8.2835,3.6709,2.7163,1.8521,3.442,0.0289,5.9081,0.076,5.2279,0.3432,46.5643,Circuit	
0.0,0.0,8.0985,2.9742,2.168,0.6703,3.8854,0.7725,6.2252,0.0072,4.9814,0.0611,46.137,Circuit	
0.0,0.0,8.3552,3.5873,2.558,0.2206,3.7205,0.7168,6.2258,0.0428,4.5045,0.5432,17.3612,Circuit	
0.0,0.0,7.7344,4.1384,2.4251,0.0523,2.8219,1.9564,5.2405,0.0548,2.4935,0.9352,4.4637,Circuit	
0.0,0.0,9.5399,4.719,2.8545,0.9476,2.889,0.805,7.412,0.0977,4.5384,0.9807,50.1876,Circuit	
0.0,0.0,10.5394,4.7645,3.6023,1.3003,2.9744,0.3657,8.3737,0.0123,4.6832,0.2307,50.0167,Circuit	
0.0,0.0,8.5248,3.1225,2.8905,0.6417,2.8828,0.4063,6.8724,0.0904,8.5306,0.0951,40.2636,Circuit	
0.0,0.0,6.9886,2.9915,2.8533,1.0341,3.4554,1.6027,4.5673,0.122,4.0326,0.2923,7.1556,Circuit	
0.0,0.0,7.38,3.1968,2.3112,1.1829,3.0459,0.8801,5.4216,0.1425,6.478,0.0259,50.9074,Circuit	
0.0,0.0,1.9769,0.3776,1.1437,0.252,0.9289,1.21,2.1788,0.0327,2.4811,0.25,2.5905,Other	
4.7446,76.7728,0.4949,3.0E-4,0.2033,0.1666,0.454,0.2173,0.204,0.0611,0.8104,0.0011,0.5646,Other	
0.0,0.0,1.8798,0.1942,0.6868,0.0722,1.5792,0.6707,0.9503,0.1393,4.9726,0.0396,2.8072,Other	
0.0,0.0,2.8067,0.1316,1.8688,0.743,1.9391,0.5638,1.2293,0.6212,6.1523,1.3156,5.6806,Other	
0.0,0.0,1.2197,0.0975,0.8227,0.2535,0.7676,0.2195,0.5952,0.0827,2.7912,0.0299,2.0348,Other	
0.0,0.0,0.6608,0.1175,0.3011,0.0834,0.507,0.0763,0.4114,0.0522,1.4554,0.0948,1.2048,Other	
0.0,0.0,0.5398,0.0302,0.2471,0.0859,0.4167,0.0522,0.3536,0.0203,1.6098,0.044,1.1867,Other	
0.0,0.0,0.4186,0.008,0.2238,0.0445,0.3137,0.0034,0.292,0.0258,1.3655,0.0772,0.8016,Other	
29.5579,-25.6935,0.1362,0.0157,0.0479,0.0254,0.0928,0.006,0.1129,0.0366,0.3249,0.019,0.2474,Other	
30.098,-24.8781,0.1041,0.0205,0.0227,0.0682,0.0462,0.0205,0.0699,0.0039,0.2148,0.0057,0.2163,Other	
0.0,0.0,1.6535,0.282,0.9537,0.3839,2.2955,0.2435,1.1401,0.5166,3.4012,0.4446,4.3041,Other	
0.0,0.0,0.6733,0.1526,0.5249,0.2369,0.8974,0.015,0.3946,0.1005,2.6472,0.3694,2.3684,Other	
52.22,7.4626,0.1502,0.0416,0.0833,0.0286,0.1024,0.0212,0.0661,0.0346,0.476,0.0094,0.3316,WatchTV	
51.4778,7.2701,0.1783,0.0049,0.0945,0.0714,0.1195,0.0392,0.0868,1.0E-4,0.6048,0.0204,0.4014,WatchTV	
43.8964,4.122,0.2847,0.023,0.1493,0.1053,0.228,0.0566,0.154,0.0022,0.9639,0.1079,0.8721,WatchTV	
48.6266,0.4172,0.1175,0.0137,0.0417,0.0382,0.0846,0.0145,0.0848,0.0083,0.3377,0.0099,0.2817,WatchTV	
49.262,-0.0505,0.0869,0.0064,0.0279,0.0609,0.0488,0.0088,0.0454,0.0046,0.16,0.0148,0.1712,WatchTV	
49.647,-0.8077,0.0813,0.0011,0.0257,0.0589,0.0327,0.0296,0.038,0.0052,0.1493,0.0027,0.1632,WatchTV	
50.0673,-1.0722,0.0849,0.0011,0.0284,0.0619,0.0359,0.0124,0.0446,0.0084,0.1923,0.0022,0.1858,WatchTV	
50.4978,-1.1881,0.0763,0.0021,0.026,0.0457,0.0314,0.0148,0.0501,7.0E-4,0.1728,2.0E-4,0.2242,WatchTV	
50.5116,-1.5204,0.0706,5.0E-4,0.038,0.0167,0.0384,0.0211,0.0428,0.0077,0.1903,0.0061,0.229,WatchTV	
50.4883,-1.219,0.0951,0.0033,0.0311,0.0188,0.0362,0.0778,0.0416,0.0011,0.1868,0.0103,0.1675,WatchTV	
50.7977,-1.5405,0.1243,0.0024,0.026,0.0551,0.0343,0.0993,0.0452,0.0016,0.1786,0.0043,0.1881,WatchTV	
50.9441,-2.0277,0.1461,0.0,0.0271,0.076,0.0339,0.1171,0.0379,3.0E-4,0.183,0.0036,0.2179,WatchTV	
50.9728,-2.3811,0.1749,0.0016,0.0226,0.089,0.0323,0.1445,0.0378,0.0014,0.1704,0.0034,0.1804,WatchTV	
51.1116,-2.3682,0.2026,0.0057,0.0307,0.1039,0.0346,0.1672,0.0461,0.0048,0.1803,0.0012,0.2505,WatchTV	
51.2978,-2.0222,0.2032,0.0032,0.0311,0.1028,0.0318,0.1684,0.0382,0.0048,0.1453,0.0021,0.2301,WatchTV	
50.9364,-2.0363,0.2126,0.0076,0.0369,0.1138,0.0479,0.1588,0.0873,0.0,0.345,0.0277,0.2667,WatchTV	
0.0,0.0,1.0615,0.0961,0.7938,0.0393,0.7281,0.1072,0.9707,0.3347,2.6264,0.0476,2.0119,WatchTV	
31.4857,2.7971,0.3591,0.045,0.0942,0.2978,0.1499,0.1476,0.0751,0.1199,0.479,0.0251,0.3953,WatchTV	
34.9792,2.1626,0.2215,0.0066,0.0294,0.1744,0.0221,0.1283,0.0381,0.0044,0.1084,0.0038,0.1629,WatchTV	
35.4477,2.0246,0.2254,0.0133,0.0225,0.169,0.0325,0.1434,0.0391,0.0062,0.2235,0.0019,0.1223,WatchTV	
35.5024,2.4736,0.2228,0.0029,0.03,0.1618,0.0333,0.146,0.0439,0.0012,0.1706,0.0046,0.1499,WatchTV	
35.7298,2.4031,0.2308,0.0104,0.0253,0.1774,0.0243,0.1425,0.0302,0.0057,0.1285,0.0033,0.1207,WatchTV	
35.8579,2.0595,0.2173,0.0027,0.0308,0.17,0.0249,0.1275,0.0389,0.0013,0.1262,0.0102,0.1631,WatchTV	
35.9079,1.8453,0.2152,0.0187,0.0289,0.1619,0.0266,0.1333,0.0391,0.0029,0.1297,0.001,0.1752,WatchTV	
35.4327,2.3143,0.2043,0.0424,0.0527,0.1271,0.1023,0.1046,0.049,0.0035,0.374,0.0022,0.252,WatchTV	
34.114,1.892,0.3285,0.0973,0.245,0.08,0.1997,0.0914,0.1149,0.0266,0.8175,0.0193,0.8856,WatchTV	
37.3071,1.1293,0.2376,0.1373,0.0554,0.1308,0.0676,0.1122,0.043,0.0443,0.2345,0.0215,0.1753,WatchTV	
38.1214,1.752,0.1846,0.0796,0.1276,0.0476,0.1,0.0591,0.0685,0.0018,0.4572,0.0264,0.2823,WatchTV	
38.3426,2.2132,0.1652,0.1423,0.031,0.0453,0.0352,0.0577,0.0323,0.0011,0.1871,0.0016,0.1719,WatchTV	
38.3581,2.2734,0.1677,0.148,0.0274,0.0449,0.0304,0.0468,0.0338,0.0036,0.2013,0.0015,0.1387,WatchTV	
38.335,2.2391,0.1655,0.1486,0.0302,0.0286,0.0334,0.0401,0.042,0.0056,0.1667,0.0019,0.2005,WatchTV	
38.3512,2.4764,0.1409,0.1251,0.0198,0.0285,0.0298,0.0372,0.035,0.0015,0.1217,0.0014,0.1293,WatchTV	
38.288,2.8377,0.0916,0.066,0.0308,0.0183,0.0293,0.0346,0.0392,0.0055,0.1444,8.0E-4,0.1618,WatchTV	
38.5219,2.5676,0.0726,0.027,0.0284,0.0209,0.0334,0.0414,0.0382,0.0076,0.1637,0.015,0.166,WatchTV	
38.8367,1.9137,0.0581,0.0095,0.0246,0.0112,0.0249,0.0361,0.0305,1.0E-4,0.1122,0.0012,0.1344,WatchTV	
38.7458,1.7399,0.0523,0.0042,0.0253,0.0132,0.0297,0.0177,0.0387,0.0037,0.1586,0.0044,0.1426,WatchTV	
38.688,2.1108,0.0624,0.0032,0.0343,0.007,0.0323,0.0275,0.0409,0.0041,0.1444,0.0073,0.1623,WatchTV	
38.7563,2.1338,0.0648,0.0264,0.0246,0.0032,0.0314,0.0353,0.0428,0.0128,0.1855,9.0E-4,0.1306,WatchTV	
39.2058,1.509,0.0687,0.0304,0.0404,2.0E-4,0.0368,0.027,0.0345,0.0205,0.2163,0.0144,0.2435,WatchTV	
40.0391,1.2549,0.0567,0.0191,0.0204,0.0049,0.0353,0.0157,0.0382,0.0047,0.1527,0.0093,0.1001,WatchTV	
40.0061,1.549,0.0643,0.0273,0.023,0.0179,0.0336,0.0177,0.0415,0.0014,0.1616,0.0044,0.1558,WatchTV	
40.0624,1.567,0.0638,0.0373,0.0256,0.0225,0.0291,0.0114,0.0343,0.0018,0.1231,0.0015,0.1636,WatchTV	
39.9086,1.6562,0.104,0.0359,0.0701,0.0256,0.0563,2.0E-4,0.0645,0.0064,0.2939,0.0075,0.2308,WatchTV	
39.7735,1.6005,0.0798,0.0372,0.0403,0.0115,0.0478,0.001,0.052,0.0012,0.2213,0.0018,0.2075,WatchTV	
40.0776,1.7968,0.0573,0.0336,0.0203,0.0101,0.0267,0.0114,0.037,0.0069,0.1479,0.002,0.1242,WatchTV	
40.3346,1.7094,0.0628,0.0362,0.0284,0.0094,0.0291,0.0121,0.0371,0.0029,0.1743,0.0013,0.1836,WatchTV	
40.3693,1.3578,0.0784,0.0562,0.0237,0.0041,0.0338,0.0162,0.0399,0.0017,0.1747,0.0063,0.15,WatchTV	
40.2741,1.2147,0.0872,0.0675,0.0236,0.0058,0.0381,0.0248,0.0285,0.0065,0.1886,2.0E-4,0.1208,WatchTV	
40.1915,1.367,0.0876,0.0631,0.0245,0.0092,0.0327,0.0224,0.0458,0.0015,0.1862,0.0022,0.1761,WatchTV	
40.2065,1.4921,0.0707,0.0515,0.0226,0.0068,0.0259,0.0147,0.0379,0.0053,0.146,0.0074,0.1311,WatchTV	
40.1505,1.3954,0.0549,0.0223,0.0251,0.0186,0.0234,0.0049,0.0376,5.0E-4,0.1359,0.0081,0.1607,WatchTV	
40.1505,1.282,0.0558,0.0236,0.0249,0.011,0.029,0.0155,0.036,0.0018,0.1731,0.0028,0.1418,WatchTV	
39.8548,1.6653,0.0566,0.006,0.0291,0.021,0.0274,0.0078,0.038,4.0E-4,0.0973,0.0064,0.1766,WatchTV	
39.8808,1.7358,0.0614,0.0049,0.0252,0.04,0.0201,0.0118,0.0383,0.0016,0.1279,0.0013,0.1278,WatchTV	
39.8369,1.4851,0.0729,0.023,0.0323,0.0435,0.024,0.022,0.0444,0.0064,0.1814,8.0E-4,0.1781,WatchTV	
39.7936,1.2915,0.0772,0.0413,0.0199,0.0413,0.0302,9.0E-4,0.0446,0.0041,0.1652,0.0,0.1185,WatchTV	
39.8392,1.5869,0.0779,0.0452,0.0262,0.0291,0.0233,0.0175,0.0481,7.0E-4,0.1301,8.0E-4,0.1252,WatchTV	
39.8423,1.5907,0.0678,0.0251,0.0221,0.0419,0.0196,0.0049,0.0433,0.0021,0.1568,0.0035,0.1136,WatchTV	
39.7601,1.498,0.0873,0.0461,0.0176,0.0245,0.0667,0.0026,0.0408,0.0137,0.1974,0.0024,0.1211,WatchTV	
38.5593,1.952,0.1364,0.0437,0.0866,0.0029,0.0742,0.0104,0.0936,0.0119,0.2504,0.0534,0.3366,WatchTV	
35.9328,4.3124,0.3003,0.0779,0.155,0.0231,0.2372,0.002,0.131,0.0497,0.9813,0.003,0.6943,WatchTV	
36.8916,4.8906,0.1743,0.0566,0.1104,0.0432,0.0908,0.006,0.1132,0.0563,0.425,0.0152,0.6345,WatchTV	
40.2264,5.9616,0.0657,0.012,0.0377,0.0068,0.0372,0.0125,0.0392,0.0036,0.1441,0.0182,0.2032,WatchTV	
40.5677,6.317,0.0909,0.0036,0.0774,0.0121,0.0774,0.0096,0.0628,0.0242,0.2907,0.0188,0.3101,Other	
0.0,0.0,0.8317,0.0407,0.2475,0.1041,0.6663,0.188,0.6725,0.4763,1.8639,0.2937,1.1485,Other	
0.0,0.0,1.0854,0.2296,0.2755,0.1878,0.7834,0.4514,0.6465,0.3204,3.3158,1.2627,8.9737,Other	
55.467,-123.0352,0.3956,0.2156,0.2166,0.0362,0.2628,0.0785,0.1757,0.0183,0.775,0.0566,0.8964,Other	
0.0,0.0,0.4194,0.0483,0.2052,0.011,0.3056,0.1283,0.2202,0.0104,0.5726,0.0654,1.1749,Other	
0.0,0.0,1.5563,0.1385,0.5395,0.4373,1.315,0.5902,0.714,0.0903,1.0481,0.7242,1.7319,Other	
0.0,0.0,1.502,0.0557,0.7259,0.4725,0.8773,0.5493,0.9328,0.0088,1.7983,4.2504,39.4423,Other	
0.0,0.0,1.081,0.1147,0.5495,0.1957,0.7534,0.2518,0.7227,0.0866,1.0442,0.0458,2.9223,Other	
0.0,0.0,0.901,0.0541,0.3866,0.2643,0.5576,0.4548,0.6634,0.0551,1.1314,0.2421,2.8803,Other	
0.0,0.0,0.7638,0.1288,0.4278,0.1967,0.3237,0.382,0.4302,0.0037,1.0782,0.1891,1.4279,Other	
0.0,0.0,0.89,0.3764,0.3553,0.0375,0.3852,0.2716,0.6269,0.0577,0.7971,0.2719,1.3166,Other	
68.6357,-164.7079,0.3476,0.0867,0.1233,0.0716,0.147,0.2594,0.1462,0.0255,0.518,0.0737,0.7921,Other	
0.0,0.0,0.2303,0.0175,0.1479,0.0073,0.1293,0.0358,0.1368,0.0153,0.4526,0.0219,1.1352,Other	
0.0,0.0,0.7552,0.4626,0.2754,0.0331,0.3271,0.0433,0.5035,0.1208,0.5857,0.2003,1.4349,Other	
0.0,0.0,1.0721,0.0229,0.8448,0.2505,0.4987,0.1623,0.5083,0.0107,1.2819,3.7123,40.2095,Other	
0.0,0.0,1.7709,0.1225,0.8117,0.0234,1.5165,0.2215,0.8374,0.3735,4.0193,1.955,8.1763,Other	
0.0,0.0,0.7629,0.0641,0.6802,0.0293,0.5767,0.0061,0.3548,0.024,1.4589,0.0213,2.0235,Other	
25.8404,4.7138,0.2148,0.0229,0.0926,0.0141,0.1513,0.0025,0.1781,0.0189,0.6569,0.0209,0.3609,Sweep	
0.0,0.0,1.1738,0.1156,0.9173,0.0973,0.5621,0.3794,0.6736,0.3891,1.6956,0.2671,1.9364,Sweep	
0.0,0.0,2.107,0.4553,1.2962,0.0584,1.3074,0.1581,1.341,0.7595,5.0065,0.8138,6.8119,Sweep	
0.0,0.0,2.5205,0.4311,0.8829,0.0996,1.3499,0.1764,2.2106,0.2243,2.4483,0.1684,2.5898,Sweep	
0.0,0.0,2.909,0.9371,1.873,0.6263,1.5817,0.5771,2.1736,0.282,3.4206,0.5366,6.0131,Sweep	
0.0,0.0,5.3501,0.928,4.0302,0.7168,3.3481,0.1496,2.4915,0.2284,8.7517,0.6697,10.2724,Sweep	
0.0,0.0,5.7181,0.8313,4.6743,0.3004,3.0978,0.9403,2.9769,0.188,10.8309,0.7216,7.4528,Sweep	
0.0,0.0,5.7172,0.3792,4.3466,0.841,3.1395,0.5662,2.7599,0.8483,8.0279,0.2165,9.2506,Sweep	
0.0,0.0,5.5832,0.5397,4.6433,0.6572,2.528,0.8203,2.6942,0.8159,7.7274,0.2458,5.4001,Sweep	
0.0,0.0,3.9624,0.1448,2.932,0.2643,1.6593,0.1982,2.4801,0.1333,5.0961,0.0455,5.3024,Sweep	
0.0,0.0,3.2964,0.1349,2.7805,0.0719,1.831,0.2552,1.7718,0.0159,6.3121,0.1529,6.2779,Sweep	
0.0,0.0,3.6195,0.0184,3.0891,0.0692,1.9066,0.1392,1.883,0.2908,3.712,0.013,3.3125,Sweep	
0.0,0.0,7.2478,0.4271,5.8945,0.1593,3.3654,0.4715,3.4231,0.6945,10.3506,1.2552,10.7402,Sweep	
0.0,0.0,5.2106,0.4426,4.8999,0.1055,2.2943,0.1496,2.0577,0.1812,8.5546,0.4636,14.0812,Sweep	
0.0,0.0,2.9257,1.4211,1.5463,0.573,1.5861,0.3537,1.5009,0.0928,4.6182,0.8207,8.7621,Sweep	
0.0,0.0,3.7987,0.1262,3.3046,0.6962,1.8147,0.168,1.8734,0.3964,4.6952,0.2402,8.1365,Sweep	
0.0,0.0,6.8331,0.5801,5.4849,0.7398,4.5476,0.2088,2.4035,0.3799,9.4866,0.843,16.7776,Sweep	
0.0,0.0,4.3731,1.2491,3.1791,0.0382,2.592,0.5134,1.9585,0.2793,5.2002,0.6901,6.8194,Sweep	
0.0,0.0,5.8898,0.0361,5.2105,0.4322,3.4902,0.1067,1.7192,0.5224,8.6622,0.3413,13.1588,Sweep	
0.0,0.0,4.9506,0.5009,3.8845,0.0765,2.7919,0.4314,2.4751,0.2666,9.6365,0.4804,12.9069,Sweep	
0.0,0.0,4.7516,0.3982,3.8792,0.3175,2.5498,0.2334,2.3128,0.1356,4.7785,0.1906,6.9548,Sweep	
0.0,0.0,4.0066,0.2958,3.6282,0.2127,2.2474,0.2152,2.192,0.0832,6.1306,0.1807,7.2347,Sweep	
0.0,0.0,3.4603,0.3286,3.2438,0.0905,1.9973,0.0844,1.7988,0.0652,5.2472,0.0344,6.2347,Sweep	
0.0,0.0,3.2938,0.424,2.861,0.2139,1.6757,0.0867,1.7263,0.0315,5.3357,0.1663,6.4995,Sweep	
0.0,0.0,2.0809,0.4635,1.6391,0.1492,1.4709,0.3322,1.0161,0.1814,5.228,0.1809,3.133,Sweep	
0.0,0.0,4.2692,0.9078,3.4145,0.7711,2.3649,0.0331,1.8619,0.1995,6.4241,0.1065,6.1445,Sweep	
0.0,0.0,5.2561,0.1641,3.7835,0.5306,3.9486,0.2102,1.9438,0.1289,5.7153,0.1808,5.1323,Sweep	
0.0,0.0,5.5159,0.2102,4.2622,0.5908,3.3223,0.3019,2.5188,0.3696,8.3387,0.6393,22.4454,Sweep	
0.0,0.0,5.1434,0.4243,4.0881,0.3426,3.3647,0.82,1.905,0.0887,8.3099,0.2617,12.0199,Sweep	
0.0,0.0,5.2501,1.2807,4.5676,0.8001,2.5824,0.4768,2.098,0.026,6.0872,0.0148,12.1001,Sweep	
0.0,0.0,4.8309,0.0044,3.2989,0.7572,2.5293,0.1084,3.0171,0.2589,6.4572,0.2258,11.0139,Sweep	
0.0,0.0,5.2062,0.3254,1.8416,1.2636,3.2763,0.3551,4.2152,0.1836,4.9399,0.1274,5.028,Sweep	
0.0,0.0,7.2842,2.1107,3.0814,0.4108,3.788,1.1549,5.4132,0.2346,5.8977,0.3546,5.8091,Sweep	
0.0,0.0,3.5783,0.4499,1.3716,0.0438,1.1282,0.0135,3.4197,0.2059,4.0423,0.2496,3.7696,Sweep	
0.0,0.0,4.5516,0.6298,2.2649,0.8362,1.4985,1.0744,3.764,0.2117,3.8735,0.1666,3.4077,Sweep	
0.0,0.0,5.3287,1.0195,1.4208,0.3888,1.8938,1.7211,5.0518,0.0964,4.4044,0.0692,4.772,Sweep	
0.0,0.0,4.6396,1.3201,1.7912,0.6173,1.895,0.6427,4.0426,0.0741,3.7911,0.1023,4.0822,Sweep	
0.0,0.0,5.0548,1.3095,1.5822,0.1979,3.1931,0.1892,4.3052,0.2464,3.7167,0.5756,2.785,Sweep	
0.0,0.0,6.2075,1.0091,2.1028,0.3974,3.7617,0.5666,4.9593,0.2305,5.2358,0.1801,5.3771,Sweep	
0.0,0.0,5.6173,1.1922,2.2953,0.1742,3.2549,0.6748,4.4437,0.0077,6.028,0.1146,4.1861,Sweep	
0.0,0.0,5.5044,1.2482,2.7953,0.9013,3.2632,0.4603,3.884,0.0701,6.1135,0.088,7.016,Sweep	
0.0,0.0,4.6396,0.4736,2.2498,0.0908,2.6661,0.1641,3.3889,0.2643,7.0854,0.1552,7.3938,Sweep	
0.0,0.0,4.0837,0.316,1.7455,0.1116,1.5189,1.0938,3.6449,0.3446,4.2326,0.0338,3.8823,Sweep	
0.0,0.0,3.8586,1.1204,2.0928,0.3769,1.2907,0.4767,3.3692,0.1656,3.3438,0.3531,3.3081,Sweep	
0.0,0.0,3.0361,0.0038,2.1438,0.0685,1.636,0.0264,2.1152,0.1357,5.0298,0.0057,4.8763,Sweep	
0.0,0.0,1.6418,0.1353,1.3757,0.1692,0.8309,0.1152,0.6631,0.0613,2.0806,0.096,1.2378,Sweep	
0.0,0.0,1.7028,0.0837,0.8757,0.7679,0.7218,0.389,1.1327,0.0164,2.3714,0.1225,2.1179,Sweep	
0.0,0.0,2.3956,0.071,2.0123,0.2928,1.4957,0.4562,1.112,0.0405,5.6475,0.176,3.2457,Sweep	
0.0,0.0,1.4433,0.2976,0.5151,0.4567,1.1523,0.0648,0.9143,0.0284,2.877,0.0316,2.4781,Sweep	
0.0,0.0,2.1983,0.2053,1.1669,0.4277,1.4313,0.3091,1.6207,0.06,4.8671,0.1135,4.4943,Sweep	
0.0,0.0,2.5383,0.2682,2.3582,0.5095,1.4765,0.0711,1.2184,0.2617,6.0154,0.1591,6.4613,Sweep	
0.0,0.0,4.2788,0.1167,3.1731,0.2211,2.8643,0.2799,1.9094,0.0522,4.7265,0.0957,5.2419,Sweep	
0.0,0.0,2.8024,0.0942,2.243,0.3637,1.3875,0.565,1.4998,0.1483,5.2294,0.2166,4.125,Sweep	
0.0,0.0,4.1365,0.7842,2.5929,0.6973,2.6527,0.6384,2.1925,0.1337,6.74,0.1239,5.773,Sweep	
0.0,0.0,1.7559,0.1226,1.5238,0.0624,0.9833,0.0093,0.7638,0.163,3.7633,0.1876,2.9457,Sweep	
0.0,0.0,1.6272,0.4274,0.9405,0.2648,1.0374,0.6338,0.727,0.0111,2.8666,0.4372,2.8745,Sweep	
0.0,0.0,4.3657,0.4888,3.3791,0.0307,2.3573,1.102,2.4663,0.0326,6.2208,0.3945,9.0259,Sweep	
0.0,0.0,5.1885,0.8053,3.6896,0.238,3.1061,0.1054,2.6836,0.7303,8.0596,0.0852,9.0091,Sweep	
0.0,0.0,2.5138,0.5301,1.9518,0.075,1.3193,0.4409,1.2658,0.3472,3.3719,0.4016,2.5829,Sweep	
0.0,0.0,5.3834,0.84,4.8544,0.1668,2.8912,0.7675,2.2976,0.2737,7.4731,0.0867,11.0846,Sweep	
0.0,0.0,4.8293,0.7707,3.6947,0.5607,3.0456,0.2061,1.9679,0.3244,8.6547,0.7443,7.4127,Sweep	
0.0,0.0,1.7363,0.5052,1.4293,0.341,1.0892,0.4314,0.8047,0.0335,4.7106,0.0749,2.3264,Sweep	
0.0,0.0,2.2253,0.0273,2.2104,0.3272,1.0158,0.0808,0.7122,0.4545,4.7139,0.3897,5.4658,Sweep	
0.0,0.0,4.3486,0.7319,3.4671,0.4079,2.2621,0.0289,2.098,0.3008,8.0024,0.1179,5.9905,Sweep	
0.0,0.0,2.804,0.1717,1.8402,0.5106,1.73,0.3348,1.4479,0.193,3.707,0.2357,3.4172,Sweep	
0.0,0.0,4.8505,1.5171,3.722,0.4713,2.8198,0.0568,2.5605,0.3624,4.3819,2.41,27.564,Sweep	
0.0,0.0,7.3358,0.3388,6.3834,0.4124,3.3301,0.0669,3.3784,0.7052,10.2215,1.9374,15.6204,Sweep	
0.0,0.0,6.1937,0.7755,5.1475,0.3014,3.2463,0.8914,2.4219,0.1968,6.1505,0.2299,11.2768,Sweep	
0.0,0.0,3.6166,0.9268,3.3211,0.4053,2.1085,0.5299,1.5931,0.3508,6.9288,0.1022,15.235,Sweep	
0.0,0.0,6.3786,1.0394,5.1083,0.5761,3.2669,1.1111,2.9226,0.2835,10.9782,0.438,12.596,Sweep	
0.0,0.0,5.4171,0.7109,3.9012,0.3764,3.3904,0.3158,2.9467,0.6761,9.1605,0.3334,9.5331,Sweep	
0.0,0.0,4.2734,0.8404,3.415,0.2262,2.1737,0.0593,2.0287,0.2057,8.737,0.3345,6.4325,Sweep	
0.0,0.0,2.5725,0.3413,2.2037,0.1239,1.1802,0.0941,1.8393,0.227,4.814,0.0483,4.0044,Sweep	
0.0,0.0,2.7355,0.1226,2.7263,0.1922,0.8325,0.4072,1.0581,0.2067,4.465,0.3105,2.6151,Sweep	
0.0,0.0,2.9392,0.1661,2.7791,0.0303,1.4187,0.1114,1.7344,0.2033,6.8186,0.2284,6.3835,Sweep	
0.0,0.0,3.8064,1.0465,2.3994,0.004,2.4307,0.0263,2.364,0.1364,5.3745,0.3712,5.7446,Sweep	
0.0,0.0,3.2882,0.08,2.7682,0.435,1.983,0.0974,1.5662,0.1234,8.7206,0.0823,7.4165,Sweep	
0.0,0.0,3.417,0.0442,2.6016,0.0633,2.1861,0.2432,1.3624,0.3139,3.6563,0.0724,4.8865,Sweep	
0.0,0.0,1.7095,0.5532,1.248,0.1555,1.0499,0.0459,0.8756,0.218,2.9511,0.1795,1.7602,Sweep	
0.0,0.0,1.7466,0.8612,0.7545,0.9722,1.0239,0.3244,0.666,0.1446,2.6074,0.1257,1.8864,Sweep	
0.0,0.0,2.7421,0.0753,2.0125,0.1255,1.6344,0.2789,1.4241,0.0106,5.8097,0.4517,8.4283,Sweep	
0.0,0.0,0.8984,0.342,0.5665,0.0369,0.5196,0.1908,0.7106,0.0543,1.8913,0.1018,1.9756,Sweep	
24.6669,117.4619,0.1302,0.0214,0.0623,0.0191,0.0893,0.0146,0.0824,0.0555,0.407,0.0222,0.3181,Sweep	
22.9775,118.8947,0.3486,0.0093,0.1944,0.0307,0.2577,0.0294,0.1745,0.0216,0.5949,0.0393,0.566,Sweep	
0.0,0.0,0.3268,0.0967,0.2485,0.1831,0.3588,0.0078,0.1813,0.0835,1.2386,0.038,0.5603,Sweep	
0.0,0.0,1.7047,0.2985,1.2256,0.4211,1.0472,0.2379,0.5436,0.2792,3.1736,0.4042,1.918,Sweep	
0.0,0.0,4.5098,0.3972,3.1716,0.3929,3.0217,0.1517,2.5368,0.2606,6.8377,0.2012,5.2658,Sweep	
0.0,0.0,4.8432,0.6017,4.201,0.144,2.9493,0.2589,1.5817,0.9699,11.7212,0.5131,9.9154,Sweep	
0.0,0.0,4.2207,0.6256,3.5052,0.5051,2.0692,0.082,1.7643,0.4441,5.796,0.2902,8.5722,Sweep	
0.0,0.0,3.8979,0.5917,3.2667,0.3818,2.1929,0.0233,1.8686,0.2248,7.5092,0.9274,10.8498,Sweep	
0.0,0.0,2.5821,0.1149,1.4087,0.066,1.688,0.8716,1.4595,0.2051,5.1152,0.2897,4.4373,Sweep	
0.0,0.0,2.9293,0.2641,2.35,0.3387,1.4707,0.1086,1.6998,0.0787,5.329,0.2085,2.9306,Sweep	
0.0,0.0,4.0548,0.7234,3.5057,0.0712,2.4732,0.4065,2.1617,0.03,7.0943,0.3032,5.0322,Sweep	
0.0,0.0,4.2639,0.3642,3.0182,1.0253,2.5665,0.2315,2.1213,0.309,7.2733,0.3738,16.4752,Sweep	
0.0,0.0,2.4655,0.2201,1.9731,0.4509,1.1094,0.6383,1.1603,0.3756,3.2364,0.3728,3.6783,Sweep	
0.0,0.0,5.2522,0.9427,4.5953,0.5136,2.5796,0.6829,2.1979,0.0751,11.386,0.1316,20.768,Sweep	
0.0,0.0,4.0119,0.1038,2.8433,0.511,2.4913,0.5686,1.8614,0.3754,8.3467,0.1384,5.7651,Sweep	
0.0,0.0,3.0655,0.3831,2.468,0.2334,1.4919,0.0924,1.5089,0.241,5.0773,0.1608,4.452,Sweep	
0.0,0.0,2.2689,0.1436,1.0691,0.6893,1.0665,0.6817,2.0035,0.2089,4.6146,0.1054,5.2794,Sweep	
14.3016,126.2746,0.6766,0.2102,0.3435,0.203,0.3656,0.3401,0.513,0.0186,0.5698,0.1212,0.8307,Sweep	
14.4907,127.5497,0.2976,0.0139,0.1383,0.0994,0.2156,0.0669,0.1651,0.0068,0.7787,0.0377,0.3897,Sweep	
0.0,0.0,1.2296,0.2234,0.4391,0.2119,0.8774,0.4954,0.7864,0.2358,3.864,0.0352,2.4007,Sweep	
0.0,0.0,1.4432,0.3091,0.9038,0.0042,0.9289,0.3079,0.7672,0.1215,3.2484,0.1132,2.1825,Sweep	
0.0,0.0,0.3206,0.0623,0.1373,0.1015,0.2997,0.1193,0.2554,0.0488,0.7765,0.0355,1.1045,Sweep	
30.3622,115.9555,0.2231,0.0047,0.1132,0.1003,0.1987,0.0826,0.1723,0.0194,0.4726,0.0021,0.5156,Other	
0.0,0.0,1.536,0.3955,0.8753,0.5351,0.987,0.1889,0.9794,0.2024,3.293,0.6842,58.5477,Other	
0.0,0.0,1.2205,0.2506,0.6099,0.0864,0.9483,0.2568,0.7307,0.1062,4.5091,0.0362,5.0457,Other	
0.0,0.0,2.0417,0.139,1.0708,0.0129,1.5612,0.3796,1.2356,0.3165,5.7209,2.3138,39.6899,Other	
0.0,0.0,1.3895,0.143,0.5965,0.3012,1.1799,0.2132,1.0749,0.021,5.4495,0.1599,5.2388,Other	
0.0,0.0,1.5857,0.1662,0.7998,0.2604,1.2624,0.1338,1.0299,0.0365,2.7856,0.3229,4.2157,Other	
0.0,0.0,1.9699,0.4175,1.0498,0.0683,1.2886,0.1111,1.4189,0.1315,4.4712,0.4882,3.9518,Other	
0.0,0.0,1.2184,0.1083,0.4875,0.2889,0.9445,0.3812,0.8873,0.2134,2.5886,0.7233,4.5526,Other	
0.0,0.0,1.4744,0.6467,0.4019,0.9223,1.0872,0.387,0.4852,0.4309,1.5754,0.2537,2.2355,Other	
0.0,0.0,2.2618,0.477,0.9471,0.4287,1.5793,1.031,0.8614,0.0173,1.0624,0.0844,1.5132,Other	
0.0,0.0,2.4663,0.0923,0.7297,1.4476,1.3772,0.4553,1.3761,0.7532,1.6231,0.4462,2.6143,Other	
0.0,0.0,1.4814,0.2126,0.8054,0.465,0.9018,0.0688,0.8959,0.2982,4.1794,4.0735,39.4879,Other	
0.0,0.0,1.2801,0.1404,0.42,0.0087,0.8414,0.0373,1.11,0.0548,1.0995,0.0176,1.7863,Other	
0.0,0.0,1.2532,0.0176,0.5109,0.0764,0.7271,0.3035,0.9772,0.0446,1.8111,0.2444,2.7725,Other	
0.0,0.0,2.0322,0.5086,0.8765,0.7701,0.806,0.3856,1.8109,0.339,3.0566,2.9788,43.3941,Other	
0.0,0.0,3.325,1.7369,1.6938,0.4761,2.8666,0.0208,1.4177,0.4902,7.7826,0.0537,6.5389,Other	
0.0,0.0,5.4637,0.0046,1.5923,0.9605,5.378,0.5127,2.7613,0.1564,14.7134,1.1588,54.9843,Other	
0.0,0.0,1.9196,0.0769,0.718,0.1273,1.2929,0.6482,1.4319,0.3137,4.2228,0.5028,5.3566,Other	
50.3085,-39.6581,0.251,0.0088,0.1225,0.0111,0.2002,0.0361,0.2047,0.0539,0.959,0.1151,0.7647,Other	
52.3105,-53.1876,0.2436,0.0039,0.1776,0.0405,0.11,0.0229,0.1673,0.0183,0.6611,0.0924,0.9848,Other	
