1.6999758313057898E-77,3.4991931417548147E-28,1.72751297327596E-61,1.5437374699692584E-57,9.943971967326483E-51,2.409039461977764E-118,2.138313341623627E-92,4.233088440965994E-13,0.9999999999995768,9.085061642999733E-45,2.5962355658631905E-28,WatchTV
2.406533527534599E-88,5.433545757856404E-35,5.490486412577718E-68,3.949254308882694E-68,3.988849078934179E-60,9.663437176411942E-128,3.720965949152722E-101,0.9999999999999996,4.093742476396228E-16,2.570713987483353E-87,2.4147846430416543E-35,WatchTV
2.2927169805338772E-88,1.452052522070467E-35,4.620769488452208E-68,4.299971514256945E-68,4.3430825347222636E-60,1.0521607710833586E-127,3.773692187352546E-101,0.9999999999999998,1.7742525525848874E-16,5.056273665510993E-88,1.3445502489806205E-35,WatchTV
2.2927169805338772E-88,1.452052522070467E-35,4.620769488452208E-68,4.299971514256945E-68,4.3430825347222636E-60,1.0521607710833586E-127,3.773692187352546E-101,0.9999999999999998,1.7742525525848874E-16,5.056273665510993E-88,1.3445502489806205E-35,WatchTV
3.292648248372076E-88,1.1302183079582637E-36,4.288919862690622E-68,8.645467937243794E-68,8.732146405679924E-60,2.115461039930304E-127,6.123850149357975E-101,1.0,3.382029204596895E-17,2.1360714858970376E-89,5.164296242032594E-36,WatchTV
3.292648248372076E-88,1.1302183079582637E-36,4.288919862690622E-68,8.645467937243794E-68,8.732146405679924E-60,2.115461039930304E-127,6.123850149357975E-101,1.0,3.382029204596895E-17,2.1360714858970376E-89,5.164296242032594E-36,WatchTV
3.292648248372076E-88,1.1302183079582637E-36,4.288919862690622E-68,8.645467937243794E-68,8.732146405679924E-60,2.115461039930304E-127,6.123850149357975E-101,1.0,3.382029204596895E-17,2.1360714858970376E-89,5.164296242032594E-36,WatchTV
3.292648248372076E-88,1.1302183079582637E-36,4.288919862690622E-68,8.645467937243794E-68,8.732146405679924E-60,2.115461039930304E-127,6.123850149357975E-101,1.0,3.382029204596895E-17,2.1360714858970376E-89,5.164296242032594E-36,WatchTV
3.292648248372076E-88,1.1302183079582637E-36,4.288919862690622E-68,8.645467937243794E-68,8.732146405679924E-60,2.115461039930304E-127,6.123850149357975E-101,1.0,3.382029204596895E-17,2.1360714858970376E-89,5.164296242032594E-36,WatchTV
3.292648248372076E-88,1.1302183079582637E-36,4.288919862690622E-68,8.645467937243794E-68,8.732146405679924E-60,2.115461039930304E-127,6.123850149357975E-101,1.0,3.382029204596895E-17,2.1360714858970376E-89,5.164296242032594E-36,WatchTV
1.043485490680911E-76,1.6556001486193778E-26,1.4561320552413126E-58,1.2453943772531202E-56,1.2578805582214715E-48,3.0473576486005105E-116,4.5957406175558585E-90,0.9997775840662744,2.2241593372551136E-4,4.679839000403303E-63,7.821637402477111E-26,WatchTV
4.480057300777972E-76,4.4980792281641816E-30,1.5187079575481092E-62,1.8972958027749419E-56,1.916317872551683E-48,4.6424963705146886E-116,1.2181084464786843E-90,2.6598643500020395E-27,1.0,6.071383640955634E-28,3.311899231530301E-28,WatchTV
1.611895928198061E-75,2.99239852044072E-37,7.413097431167615E-69,4.149349272178068E-56,4.190950171346242E-48,1.0153049887035085E-115,1.1043524633647894E-91,1.612365211903795E-62,1.1524858995281605E-7,0.99999988475141,3.5654328834861575E-32,WatchTV
2.241904164458649E-88,5.320850884538495E-57,7.223148229175688E-88,4.528108849178828E-69,4.573507148357997E-61,1.107983734892583E-128,2.7569010747764044E-106,3.9791860479043104E-98,1.158523997009239E-27,1.0,1.9444735585386123E-49,WatchTV
2.241904164458649E-88,5.320850884538495E-57,7.223148229175688E-88,4.528108849178828E-69,4.573507148357997E-61,1.107983734892583E-128,2.7569010747764044E-106,3.9791860479043104E-98,1.158523997009239E-27,1.0,1.9444735585386123E-49,WatchTV
4.611361634747547E-86,9.538925470478237E-55,1.5576157600975377E-85,9.764514700712676E-67,9.862412603453611E-59,2.3892807853936844E-126,5.945042835688447E-104,1.0745414154205591E-95,1.045927551893688E-26,1.0,4.1931060581594965E-47,WatchTV
7.025210173331424E-76,1.956249714332097E-45,1.0598951318573341E-75,8.352911122540523E-56,1.1930625282400047E-48,1.011615028902479E-115,2.2474241728199612E-94,7.204485744658031E-86,1.4769101841232333E-21,1.0,1.5851337281746158E-37,WatchTV
4.5150867111024585E-72,2.7262389848078575E-40,1.6328345764132177E-71,4.147595436656116E-52,3.4177449024972884E-45,2.897955493939276E-112,9.01341820742335E-91,3.905757390073562E-79,7.303281637242356E-18,1.0,3.632723409645965E-33,WatchTV
7.006222787561896E-66,1.1960055633762878E-24,3.419840335007694E-58,5.966321223458887E-46,3.862909534913539E-39,3.275417045052343E-106,8.058460913589381E-83,1.3176394676880044E-44,0.9999995990838035,4.009161965874782E-7,1.8955218772696725E-21,PlayPad
1.6997968745742026E-76,2.0137499917951677E-27,1.3381588168398673E-63,2.7482369106041333E-57,5.888040280853663E-50,1.4264442253963402E-117,4.4671477850912016E-92,5.973301941179021E-28,1.0,4.989424366093928E-28,7.283707526965405E-28,PlayPad
7.529425631190505E-79,2.9030816028191044E-27,2.1151628522310706E-63,1.6530037360465955E-59,6.956569006667283E-52,1.6853073713536255E-119,1.4234456950762609E-93,5.852016805401967E-17,1.0,2.7618219954007136E-40,1.5718344941066103E-28,PlayPad
7.235357492688765E-79,8.860818196821642E-27,2.0368546182226448E-64,1.0745358267206101E-59,6.783181246744532E-52,1.643302229212919E-119,9.210419401297492E-94,3.6814047902181193E-22,1.0,5.1293975562162455E-34,1.3616228492462183E-28,PlayPad
5.45623319983833E-80,1.0879427383760147E-26,3.5660190393211516E-64,9.732586685231649E-61,9.83016448136029E-53,2.381468313788152E-120,2.2280540916177498E-94,2.0084768150371758E-16,0.9999999999999998,2.205506562214195E-40,7.925401382708176E-29,PlayPad
8.356678173070607E-78,1.9428207393772843E-21,6.141449616645316E-60,2.1098107684854197E-58,2.1309634888968347E-50,5.162499606450764E-118,1.0936578513438E-91,0.011643765692095133,0.988356234307905,2.121982735799204E-54,7.60207606650534E-25,PlayPad
2.691541497095201E-78,2.050381340211396E-22,2.474382087487262E-61,5.258295372971795E-59,5.3110144383633816E-51,1.2866532012747197E-118,1.9452766014132424E-92,1.000042677493063E-7,0.9999998999957322,4.949440027204182E-49,7.836040086070832E-26,PlayPad
5.515213855102843E-77,8.689423583325463E-28,1.329188957885105E-65,5.5868952223364065E-58,5.642908792071618E-50,1.3670583550630518E-117,1.8588704497149558E-92,2.541525673910008E-36,1.0,2.870582048197534E-17,1.6943281556973675E-28,PlayPad
6.765594766200108E-77,2.15751034466241E-35,5.062891827947493E-72,5.224806743561434E-58,5.277190055800176E-50,1.2784588627747794E-117,5.098816385636701E-94,7.641164872948304E-64,6.764873676425428E-9,0.9999999932351262,5.238541807401205E-33,PlayPad
4.270823014859931E-78,6.089036281863432E-31,2.9005526157068923E-66,6.534877601056604E-59,6.60039553322509E-51,1.599020326734726E-118,2.560296918209059E-93,8.076089968913287E-38,0.9999999999999998,1.3409839244985E-16,3.3595657279906685E-30,PlayPad
1.882611884402837E-44,1.8342759205728705E-5,4.009298304007211E-38,1.5906234393053346E-26,1.9026586704521946E-32,1.477373529261233E-101,2.5805674983686646E-76,2.751298291171357E-25,0.9999816572402017,7.41438457000646E-34,5.925787596391195E-13,PlayPad
2.13371366324424E-20,0.9999999999996827,1.0374542069069827E-26,3.008266967879229E-13,4.175384241866994E-30,2.0031257037598906E-101,1.703174463021441E-76,1.1744662745848593E-43,6.545077350380103E-27,2.1947030208373386E-67,1.650078593707629E-14,Walk
0.9999999997763513,3.271700921216057E-11,2.3184143452354587E-37,1.9093160480917493E-10,9.883925509389732E-35,1.2040815951610385E-107,3.595215784449409E-85,2.6522059892397978E-95,2.0810757686532722E-63,1.4590949579646754E-82,6.339366049562854E-28,Walk
1.0,6.496742152659555E-22,5.132741889790799E-52,6.096916550085617E-26,3.7897442954064974E-45,1.2440630589167535E-118,3.095495607213012E-96,3.717259060487415E-109,8.02131390599718E-78,1.5703584651143357E-94,2.1832881179002714E-39,Walk
1.0,2.0319905081921954E-25,2.558596773185023E-62,6.40035884237346E-32,3.331068374999103E-48,8.857626210049696E-122,2.2039673010922934E-99,3.675913532626816E-113,1.5702780067731851E-81,1.1180822547577642E-97,1.554483104260197E-42,Walk
1.0,4.577014576136977E-25,7.58539473348183E-60,2.0385591225760218E-31,2.113304711439753E-48,1.4299065916535021E-121,3.55791415992875E-99,5.934110184834618E-113,2.7500503617482425E-81,1.8049454201082836E-97,2.5094371614707594E-42,Walk
1.0,1.2592563179226684E-24,2.876607420767462E-59,1.0091979595151092E-30,3.498782468130879E-48,1.946487857659381E-121,4.843279100420059E-99,8.077921654643615E-113,4.011471321937475E-81,2.457016678212527E-97,3.4160196147609067E-42,Walk
1.0,3.553790557292105E-24,5.006206511305501E-58,4.584733890302909E-30,5.63185661046699E-48,3.8106331032037385E-121,9.48167212831983E-99,1.5814121593943115E-112,8.099513676451731E-81,4.810093755407193E-97,6.687530761596714E-42,Walk
1.0,3.553790557292105E-24,5.006206511305501E-58,4.584733890302909E-30,5.63185661046699E-48,3.8106331032037385E-121,9.48167212831983E-99,1.5814121593943115E-112,8.099513676451731E-81,4.810093755407193E-97,6.687530761596714E-42,Walk
1.0,1.4225139016910484E-24,7.322528769990879E-58,9.450685674577377E-31,3.227584830922129E-48,4.05083144829353E-121,1.0079337107399465E-98,1.6810944361456553E-112,7.837396806844838E-81,5.113291814229539E-97,7.109070641772608E-42,Walk
1.0,4.6687656671744514E-24,3.4715341103699974E-56,4.730866529258708E-30,6.412703251918647E-48,1.2499354356507259E-120,3.1101073394982114E-98,5.1872301606104015E-112,2.3844580735243186E-80,1.577771060832637E-96,2.193593938212399E-41,Walk
1.0,2.2887183751832724E-23,3.8667847256059777E-56,7.070303964065028E-28,3.642374401962297E-47,3.70067306400321E-120,9.208067976285343E-98,2.1500902637585123E-111,1.1859195958287088E-79,4.671293171992822E-96,6.494554653748376E-41,Walk
1.0,3.8661511353242323E-20,6.190356579658309E-52,1.0265837934874358E-21,1.6473565622518793E-42,2.3107810483915208E-115,1.361775472179608E-93,7.570845665727949E-107,4.771618529449808E-75,1.1513910919216752E-91,5.3359759270643045E-37,Walk
1.0,5.55014001136957E-21,4.6545810197662184E-55,6.347486985234696E-23,9.534091437043947E-43,5.928144068538109E-116,3.493537907317885E-94,1.9422464910010933E-107,1.1479527968443802E-75,2.95381177584169E-92,1.3689065895646073E-37,Walk
1.0,4.660923935567483E-21,1.8022516230032774E-54,2.14768894341721E-23,3.096256595333015E-43,2.341462308706626E-116,1.3798563664242407E-94,6.904230413929205E-108,4.325114435873735E-76,1.1666786198530802E-92,5.406824035576055E-38,Walk
1.0,1.452313945399722E-20,1.5542648603844952E-53,1.0444459301727843E-24,1.248413117672253E-43,9.440794619966291E-117,5.563591825511815E-95,4.948962106404811E-108,1.8010503996245002E-75,4.7981386078752994E-91,2.1800357441737023E-38,Walk
4.484307758284291E-10,0.9999999995515692,6.7947749361002025E-37,5.080308721839113E-18,1.8193564738172665E-31,4.166186839503478E-103,1.193714330848116E-79,1.0271016494337502E-59,1.3034991277465463E-35,5.962069822078068E-63,4.305220468882199E-18,Walk
4.152301137773182E-36,0.9999999999999356,3.49102081659212E-40,2.1561232863028365E-29,1.7232673768321392E-33,1.8334937690930496E-103,6.548931274912849E-79,1.290203350755754E-27,1.0977930004053909E-14,7.636118332256732E-55,5.350302378313296E-14,Read
1.387105494622538E-75,1.0893657470647756E-17,1.925612981839004E-57,1.1148377424666553E-55,1.1489948750955862E-48,2.78356978962201E-116,6.423420736643458E-90,0.9999869157104486,1.3084289551287927E-5,8.078656028369259E-65,3.7202636681644895E-22,Read
2.756192284564472E-83,3.455314143597131E-26,8.112523800801453E-64,1.360319886597893E-63,1.3739582975213283E-55,3.3285690755338E-123,1.2171925644282793E-96,0.9999999902182181,9.781781849336863E-9,2.2598351124309281E-72,2.4130908802625132E-29,Read
2.1660360694495068E-84,9.786610679206529E-29,8.469969299868272E-65,1.269494539176866E-64,1.2822223456001422E-56,3.1063283763594243E-124,1.1355447590763214E-97,0.9999999951748717,4.825128351923953E-9,2.251351298694414E-73,5.558405712477182E-31,Read
2.634989393890508E-77,3.7661402493539202E-19,4.293361719255572E-59,8.007709243470878E-58,8.087993616502417E-50,1.959407755215059E-117,4.6415036086489045E-91,0.9994079532338564,5.920467661434522E-4,7.060283602444226E-62,1.949674254182902E-23,Read
4.664199879132551E-73,2.667322171616574E-14,1.1889347250529326E-55,1.4579446414499003E-53,1.4725618269513512E-45,3.56744725647214E-113,5.862533037587488E-87,0.9993479414063844,6.520585935889665E-4,2.3984713351810527E-60,4.37727238626303E-19,Read
1.659284872070979E-72,3.9537393362672626E-14,3.806662040335172E-55,6.223949789222358E-53,3.928968996758321E-45,9.518370917754764E-113,1.564193103853532E-86,0.9998919078186349,1.0809218132549754E-4,6.273926468815761E-62,1.1679080077472313E-18,Read
2.690255598004192E-79,1.4775726525348084E-21,1.4157196487097788E-60,1.1772954351940793E-59,7.431867899886392E-52,1.8004538936615392E-119,5.221821261218127E-93,0.9999996180279846,3.819720152238656E-7,1.439161020377503E-68,2.3555616969053E-25,Read
1.5625949432201054E-84,7.937303959081588E-29,8.147067283501743E-65,1.1396908996797673E-64,7.194483185715716E-57,1.7429447669270237E-124,6.826588760281485E-98,0.9999999999517581,4.824192902896654E-11,2.762885817354952E-77,5.3465017079958575E-31,Read
5.7021361152027794E-86,6.360323818870462E-31,4.577701817765885E-66,4.4559619063384903E-66,4.500636868556755E-58,1.0903300870142663E-125,4.233413027378864E-99,0.9999999999789047,2.1095333509661325E-11,4.335592361481307E-78,1.2550432189001664E-32,Read
2.6749640299704863E-87,5.2107147117361705E-33,3.891930813729355E-67,2.9265090500591465E-67,2.9558498936276984E-59,7.160880039510335E-127,2.8398780865093113E-100,0.9999999999999072,9.270840229394151E-14,9.771734511216767E-83,4.351443083436912E-34,Read
6.95243190786507E-85,1.716106568670524E-29,4.103618823870737E-65,5.433011613896493E-65,3.429676477626962E-57,8.308778427352934E-125,3.266578181630826E-98,0.9999999999798377,2.016229873194327E-11,4.333633193795699E-78,1.9075375678369056E-31,Read
6.95243190786507E-85,1.716106568670524E-29,4.103618823870737E-65,5.433011613896493E-65,3.429676477626962E-57,8.308778427352934E-125,3.266578181630826E-98,0.9999999999798377,2.016229873194327E-11,4.333633193795699E-78,1.9075375678369056E-31,Read
9.223729879790346E-77,3.5307725400543004E-22,4.727439101229802E-59,4.986190485784048E-57,6.744885882222551E-50,1.3616872873801144E-117,1.5924592165436323E-91,1.7160970133350213E-10,0.9999999998283904,2.1548303152759393E-46,2.7768471383983495E-25,Read
1.663439833441385E-77,2.094206305919628E-22,1.9893135891755813E-59,8.992271000202473E-58,1.9462342448989585E-50,3.929143466348857E-118,5.1055944293917777E-92,1.2338213513712839E-9,0.9999999987661787,3.108877321797593E-47,1.1351157565338072E-25,Read
4.992800180100341E-78,1.8349339382045888E-23,3.3798679890285606E-59,3.5846390095716616E-58,7.758381832431852E-51,1.566296316396401E-118,2.65451605934337E-92,1.608123000300921E-6,0.9999983918769996,5.972814045564832E-51,3.763985784649664E-26,Read
1.1273203951276295E-84,3.395887863286931E-27,9.00636194825875E-65,7.399979891368066E-65,7.474171239725137E-57,1.8107023552843996E-124,7.538847659987299E-98,0.9999999999864997,1.350038669402469E-11,7.024860253270957E-78,2.6169261185013727E-30,Read
3.604924738599455E-85,6.590477000568005E-28,3.5482069504876935E-65,2.4908970156911414E-65,2.515870463042048E-57,6.094980201687914E-125,2.6036197722743797E-98,0.99999999999447,5.530036929700489E-12,9.855161411954409E-79,7.50266663336075E-31,Read
3.4200465105309575E-77,3.666155596567566E-19,6.567597501722148E-59,1.336305961566246E-57,8.435647572653519E-50,2.043630850595909E-117,5.020310599455408E-91,0.9999938396908132,6.160309186664054E-6,1.0255825880590095E-65,2.786619322670478E-23,Read
8.277763670558731E-82,3.6200440218485313E-25,1.1695013617848445E-62,4.085493817206776E-62,2.5790340680528883E-54,6.248001165070768E-122,2.109020068314594E-95,0.9999999309398943,6.906010574647154E-8,9.255051434569194E-71,3.4511027844484453E-28,Read
3.447442256764785E-83,2.7953766867165195E-27,8.702744577409796E-64,2.0205153463620374E-63,1.2754830006947588E-55,3.090001552553397E-123,1.111553424705638E-96,0.9999999951861587,4.813841313859705E-9,2.6535365484725378E-73,9.474325775317923E-30,Read
9.874453056019381E-86,4.30975268869558E-33,4.142263925754102E-66,1.1574658805434412E-65,1.1690705005040949E-57,2.8322052584228814E-125,8.395462010279223E-99,0.9999999999878495,1.2150419188072315E-11,1.0706323874271831E-78,1.8712286180438777E-33,Read
3.8281763444183776E-85,8.380477903732851E-32,1.6288135841058185E-65,3.988729280136753E-65,2.5179498885512828E-57,6.100017844729076E-125,2.0367757572537396E-98,0.9999999999886602,1.133971958739777E-11,8.416569777718075E-79,1.3950573332580076E-32,Read
7.819774335697022E-64,7.498917955156091E-14,2.985955164452652E-28,1.9430364265617564E-36,2.6954658678477337E-38,4.081293964670531E-106,5.175201553214049E-80,0.9998044954205423,1.9550457937769335E-4,4.465320307503337E-61,5.0739075386497566E-15,Read
8.592768301706697E-56,1.1479634865569758E-12,0.9999999999918616,2.099706215481458E-20,5.150102523074016E-32,4.158901577729089E-100,7.022314822121999E-75,1.3476755521365637E-27,7.572301864507252E-22,2.7016618779597964E-63,6.990331753999991E-12,Sweep
5.353179577832822E-70,1.0525683054511477E-37,1.0,1.075464377315897E-28,4.338225399307188E-47,2.101968150362986E-115,8.974932942747192E-92,5.899550366489128E-81,6.574336150321219E-64,4.569579195983615E-87,9.332871993467256E-33,Sweep
1.468780923129907E-71,1.687890269346911E-45,1.0,4.979774418013968E-30,7.362717868392775E-50,2.4104074566251286E-118,5.997610523092231E-96,2.925358383707496E-101,9.544266646251004E-79,3.042614059425667E-94,4.230182643571152E-39,Sweep
5.936386141073884E-69,6.966748746161058E-44,1.0,5.62292458821002E-29,1.5473215012082743E-49,4.9323171139064635E-118,1.2272662426569893E-95,2.0106885321899232E-101,2.4961380219064825E-78,6.225975344996982E-94,8.656047835620524E-39,Sweep
1.8645216560771025E-65,5.515017267134505E-42,1.0,1.3996309783062592E-27,4.2021114451648204E-49,1.375687747652612E-117,3.4230060520110475E-95,2.7339357206063904E-101,1.0622006983511713E-77,1.736505946701301E-93,2.4142849446934184E-38,Sweep
7.159279455273533E-63,1.9613880669179914E-40,1.0,1.8716624268622137E-25,7.955090303904471E-49,3.212017379033385E-117,7.992187868458308E-95,8.921173663206269E-101,1.8766455866621356E-77,4.054471873509576E-93,5.636980640055207E-38,Sweep
4.866438322519277E-61,1.3947648475836125E-39,1.0,8.44647659300828E-25,1.131390620983121E-48,4.725726718508148E-117,1.175862123158131E-94,1.1894898217446831E-100,3.639555077132276E-77,5.965199997719203E-93,8.293488757660985E-38,Sweep
1.1526710314538016E-56,4.148584899797006E-37,1.0,1.9032138280507916E-22,2.2507521449112924E-47,4.1943854983587677E-116,1.0436530360775477E-93,1.2318618058411848E-99,5.392860020057705E-76,5.2944975144778974E-92,7.361003089691099E-37,Sweep
4.7199561619043374E-60,5.638256644912831E-39,1.0,2.2683480290328472E-23,1.0087713779674586E-47,2.3498678255521856E-116,5.846974941828857E-94,4.403284467358876E-99,1.5121299328479956E-76,2.9661959699820408E-92,4.123937661684374E-37,Sweep
5.097184776693218E-59,9.826543391490227E-39,1.0,6.913136097777439E-23,1.5649530683572246E-47,3.3140519827714767E-116,8.246071837916759E-94,6.236230687459039E-99,4.250295486154736E-76,4.183268322022343E-92,5.816047879738674E-37,Sweep
2.094319648702453E-56,8.133426701368824E-38,1.0,2.35576716500377E-22,9.08901213511023E-48,4.234453444879121E-116,1.053622800198609E-93,2.5790468445627455E-99,9.969851895992627E-76,5.345074564066405E-92,7.431320965409963E-37,Sweep
7.191507490307092E-47,8.928992762485702E-32,1.0,2.640698209749086E-17,5.896630200060123E-44,9.811299658263783E-113,2.4412617009753055E-90,5.479147813311233E-97,7.853078798665721E-72,1.2384627420413541E-88,1.7218495325919464E-33,Sweep
8.763906321935524E-30,1.1557778312054432E-21,0.9999999951157723,4.884227704909676E-9,5.083489400969321E-37,1.9736100840968188E-106,4.910765014608505E-84,1.1281177779627361E-91,5.582238574798757E-65,2.4912525777482466E-82,3.4636181945192935E-27,Sweep
4.239044296272855E-28,2.3567818609533627E-16,7.326771366086966E-7,0.9999992673228632,2.8449002436591466E-31,1.767203073729125E-100,3.62767359970916E-77,3.0792582142659786E-86,5.179711362625473E-58,7.807480499245433E-77,1.0854833328446347E-21,Sweep
3.7580224020981304E-27,3.271316274913324E-16,1.142400564723944E-15,0.9999999999999984,1.3728250503653312E-31,2.3257508085525626E-100,5.729096966735564E-77,9.457160011360108E-87,1.8507433233171161E-57,3.6990494004452345E-76,1.7142775111115316E-21,Sweep
4.883223472738399E-25,2.3522597217650788E-15,1.496524871374423E-22,0.9999999999999976,2.6344064273714524E-31,3.582670185831544E-101,8.825307001483185E-78,4.2787571624815417E-88,2.073419325804612E-58,5.698148724332508E-77,2.6407347281988203E-22,Sweep
1.6465165824527109E-16,2.223179067759578E-13,3.981875797626738E-29,0.9999999999997775,1.159305156517019E-23,9.248623644569464E-95,8.334469058749993E-78,9.055342504792904E-90,3.6068831250472213E-60,4.062304280838834E-77,1.3447309831743575E-22,Sweep
5.637368277938588E-19,3.519729939908772E-11,4.7278316545476775E-37,0.9999969151403916,3.0848244108065176E-6,6.546917025526544E-69,5.720894976575726E-71,1.6220074371148085E-85,5.725369217411932E-56,1.124185909438033E-70,2.2328129831050534E-16,Sleep
1.3113450701428552E-47,4.899702299989344E-28,1.704940309986835E-58,3.9564984179205755E-21,1.0,2.6302562765682574E-29,1.300952476893123E-78,1.9210960084060894E-94,2.7221533592481007E-66,2.556439944029794E-78,5.0774985255068266E-24,Sleep
5.581063521283317E-70,3.946947671730684E-42,1.198768134365852E-69,4.659868121810555E-39,1.637961938628847E-5,0.9999836203806136,8.922045974893565E-87,7.631149918729212E-102,3.4327561255422726E-75,1.4081489206404265E-85,3.2270872286378014E-31,Sleep
2.0939196808380038E-85,1.9934214097027831E-57,8.586276168065429E-85,9.745368826102083E-58,6.5714436614794135E-21,1.0,3.3473992168177945E-102,5.465874409226751E-117,9.456692463042208E-91,1.6625247382493548E-101,2.3114279875462148E-46,Sleep
2.0939196808380038E-85,1.9934214097027831E-57,8.586276168065429E-85,9.745368826102083E-58,6.5714436614794135E-21,1.0,3.3473992168177945E-102,5.465874409226751E-117,9.456692463042208E-91,1.6625247382493548E-101,2.3114279875462148E-46,Sleep
2.40323425124686E-81,1.6995756805864224E-53,5.161956370544158E-81,9.348953999325342E-53,4.250289162153895E-17,1.0,3.8418782363390027E-98,3.2860118490145223E-113,6.822287047174623E-87,1.399283227584031E-97,1.3896001237123725E-42,Sleep
4.114206131200205E-88,6.789022303803436E-60,5.744042283748991E-87,1.4384286321814216E-61,2.3274375121527357E-24,1.0,6.577086269085026E-105,3.656557640320994E-119,7.59159947465717E-93,1.557072832318379E-103,1.546297817171275E-48,Sleep
4.114206131200205E-88,6.789022303803436E-60,5.744042283748991E-87,1.4384286321814216E-61,2.3274375121527357E-24,1.0,6.577086269085026E-105,3.656557640320994E-119,7.59159947465717E-93,1.557072832318379E-103,1.546297817171275E-48,Sleep
2.300150387355861E-89,4.7444670320107704E-61,5.352252116495159E-88,2.633465766961329E-63,8.45488282697708E-26,1.0,3.677085456361318E-106,3.4071508186525244E-120,7.073790955681524E-94,1.4508678645877297E-104,1.4408277926683527E-49,Sleep
2.300150387355861E-89,4.7444670320107704E-61,5.352252116495159E-88,2.633465766961329E-63,8.45488282697708E-26,1.0,3.677085456361318E-106,3.4071508186525244E-120,7.073790955681524E-94,1.4508678645877297E-104,1.4408277926683527E-49,Sleep
2.300150387355861E-89,4.7444670320107704E-61,5.352252116495159E-88,2.633465766961329E-63,8.45488282697708E-26,1.0,3.677085456361318E-106,3.4071508186525244E-120,7.073790955681524E-94,1.4508678645877297E-104,1.4408277926683527E-49,Sleep
8.367667669880533E-92,2.219116457506671E-63,3.504751734374759E-90,1.9596833255984192E-66,4.100371778080722E-28,1.0,1.3376790170630802E-108,2.2310641354447368E-122,3.860038818057655E-96,6.786104180396855E-107,9.434801641210411E-52,Sleep
8.367667669880533E-92,2.219116457506671E-63,3.504751734374759E-90,1.9596833255984192E-66,4.100371778080722E-28,1.0,1.3376790170630802E-108,2.2310641354447368E-122,3.860038818057655E-96,6.786104180396855E-107,9.434801641210411E-52,Sleep
8.367667669880533E-92,2.219116457506671E-63,3.504751734374759E-90,1.9596833255984192E-66,4.100371778080722E-28,1.0,1.3376790170630802E-108,2.2310641354447368E-122,3.860038818057655E-96,6.786104180396855E-107,9.434801641210411E-52,Sleep
8.367667669880533E-92,2.219116457506671E-63,3.504751734374759E-90,1.9596833255984192E-66,4.100371778080722E-28,1.0,1.3376790170630802E-108,2.2310641354447368E-122,3.860038818057655E-96,6.786104180396855E-107,9.434801641210411E-52,Sleep
8.367667669880533E-92,2.219116457506671E-63,3.504751734374759E-90,1.9596833255984192E-66,4.100371778080722E-28,1.0,1.3376790170630802E-108,2.2310641354447368E-122,3.860038818057655E-96,6.786104180396855E-107,9.434801641210411E-52,Sleep
8.367667669880533E-92,2.219116457506671E-63,3.504751734374759E-90,1.9596833255984192E-66,4.100371778080722E-28,1.0,1.3376790170630802E-108,2.2310641354447368E-122,3.860038818057655E-96,6.786104180396855E-107,9.434801641210411E-52,Sleep
8.367667669880533E-92,2.219116457506671E-63,3.504751734374759E-90,1.9596833255984192E-66,4.100371778080722E-28,1.0,1.3376790170630802E-108,2.2310641354447368E-122,3.860038818057655E-96,6.786104180396855E-107,9.434801641210411E-52,Sleep
8.367667669880533E-92,2.219116457506671E-63,3.504751734374759E-90,1.9596833255984192E-66,4.100371778080722E-28,1.0,1.3376790170630802E-108,2.2310641354447368E-122,3.860038818057655E-96,6.786104180396855E-107,9.434801641210411E-52,Sleep
8.367667669880533E-92,2.219116457506671E-63,3.504751734374759E-90,1.9596833255984192E-66,4.100371778080722E-28,1.0,1.3376790170630802E-108,2.2310641354447368E-122,3.860038818057655E-96,6.786104180396855E-107,9.434801641210411E-52,Sleep
8.367667669880533E-92,2.219116457506671E-63,3.504751734374759E-90,1.9596833255984192E-66,4.100371778080722E-28,1.0,1.3376790170630802E-108,2.2310641354447368E-122,3.860038818057655E-96,6.786104180396855E-107,9.434801641210411E-52,Sleep
8.367667669880533E-92,2.219116457506671E-63,3.504751734374759E-90,1.9596833255984192E-66,4.100371778080722E-28,1.0,1.3376790170630802E-108,2.2310641354447368E-122,3.860038818057655E-96,6.786104180396855E-107,9.434801641210411E-52,Sleep
8.367667669880533E-92,2.219116457506671E-63,3.504751734374759E-90,1.9596833255984192E-66,4.100371778080722E-28,1.0,1.3376790170630802E-108,2.2310641354447368E-122,3.860038818057655E-96,6.786104180396855E-107,9.434801641210411E-52,Sleep
8.367667669880533E-92,2.219116457506671E-63,3.504751734374759E-90,1.9596833255984192E-66,4.100371778080722E-28,1.0,1.3376790170630802E-108,2.2310641354447368E-122,3.860038818057655E-96,6.786104180396855E-107,9.434801641210411E-52,Sleep
8.367667669880533E-92,2.219116457506671E-63,3.504751734374759E-90,1.9596833255984192E-66,4.100371778080722E-28,1.0,1.3376790170630802E-108,2.2310641354447368E-122,3.860038818057655E-96,6.786104180396855E-107,9.434801641210411E-52,Sleep
8.367667669880533E-92,2.219116457506671E-63,3.504751734374759E-90,1.9596833255984192E-66,4.100371778080722E-28,1.0,1.3376790170630802E-108,2.2310641354447368E-122,3.860038818057655E-96,6.786104180396855E-107,9.434801641210411E-52,Sleep
8.367667669880533E-92,2.219116457506671E-63,3.504751734374759E-90,1.9596833255984192E-66,4.100371778080722E-28,1.0,1.3376790170630802E-108,2.2310641354447368E-122,3.860038818057655E-96,6.786104180396855E-107,9.434801641210411E-52,Sleep
8.367667669880533E-92,2.219116457506671E-63,3.504751734374759E-90,1.9596833255984192E-66,4.100371778080722E-28,1.0,1.3376790170630802E-108,2.2310641354447368E-122,3.860038818057655E-96,6.786104180396855E-107,9.434801641210411E-52,Sleep
8.367667669880533E-92,2.219116457506671E-63,3.504751734374759E-90,1.9596833255984192E-66,4.100371778080722E-28,1.0,1.3376790170630802E-108,2.2310641354447368E-122,3.860038818057655E-96,6.786104180396855E-107,9.434801641210411E-52,Sleep
8.367667669880533E-92,2.219116457506671E-63,3.504751734374759E-90,1.9596833255984192E-66,4.100371778080722E-28,1.0,1.3376790170630802E-108,2.2310641354447368E-122,3.860038818057655E-96,6.786104180396855E-107,9.434801641210411E-52,Sleep
8.367667669880533E-92,2.219116457506671E-63,3.504751734374759E-90,1.9596833255984192E-66,4.100371778080722E-28,1.0,1.3376790170630802E-108,2.2310641354447368E-122,3.860038818057655E-96,6.786104180396855E-107,9.434801641210411E-52,Sleep
8.367667669880533E-92,2.219116457506671E-63,3.504751734374759E-90,1.9596833255984192E-66,4.100371778080722E-28,1.0,1.3376790170630802E-108,2.2310641354447368E-122,3.860038818057655E-96,6.786104180396855E-107,9.434801641210411E-52,Sleep
8.367667669880533E-92,2.219116457506671E-63,3.504751734374759E-90,1.9596833255984192E-66,4.100371778080722E-28,1.0,1.3376790170630802E-108,2.2310641354447368E-122,3.860038818057655E-96,6.786104180396855E-107,9.434801641210411E-52,Sleep
8.367667669880533E-92,2.219116457506671E-63,3.504751734374759E-90,1.9596833255984192E-66,4.100371778080722E-28,1.0,1.3376790170630802E-108,2.2310641354447368E-122,3.860038818057655E-96,6.786104180396855E-107,9.434801641210411E-52,Sleep
8.367667669880533E-92,2.219116457506671E-63,3.504751734374759E-90,1.9596833255984192E-66,4.100371778080722E-28,1.0,1.3376790170630802E-108,2.2310641354447368E-122,3.860038818057655E-96,6.786104180396855E-107,9.434801641210411E-52,Sleep
8.367667669880533E-92,2.219116457506671E-63,3.504751734374759E-90,1.9596833255984192E-66,4.100371778080722E-28,1.0,1.3376790170630802E-108,2.2310641354447368E-122,3.860038818057655E-96,6.786104180396855E-107,9.434801641210411E-52,Sleep
8.367667669880533E-92,2.219116457506671E-63,3.504751734374759E-90,1.9596833255984192E-66,4.100371778080722E-28,1.0,1.3376790170630802E-108,2.2310641354447368E-122,3.860038818057655E-96,6.786104180396855E-107,9.434801641210411E-52,Sleep
8.367667669880533E-92,2.219116457506671E-63,3.504751734374759E-90,1.9596833255984192E-66,4.100371778080722E-28,1.0,1.3376790170630802E-108,2.2310641354447368E-122,3.860038818057655E-96,6.786104180396855E-107,9.434801641210411E-52,Sleep
8.367667669880533E-92,2.219116457506671E-63,3.504751734374759E-90,1.9596833255984192E-66,4.100371778080722E-28,1.0,1.3376790170630802E-108,2.2310641354447368E-122,3.860038818057655E-96,6.786104180396855E-107,9.434801641210411E-52,Sleep
8.367667669880533E-92,2.219116457506671E-63,3.504751734374759E-90,1.9596833255984192E-66,4.100371778080722E-28,1.0,1.3376790170630802E-108,2.2310641354447368E-122,3.860038818057655E-96,6.786104180396855E-107,9.434801641210411E-52,Sleep
8.367667669880533E-92,2.219116457506671E-63,3.504751734374759E-90,1.9596833255984192E-66,4.100371778080722E-28,1.0,1.3376790170630802E-108,2.2310641354447368E-122,3.860038818057655E-96,6.786104180396855E-107,9.434801641210411E-52,Sleep
8.367667669880533E-92,2.219116457506671E-63,3.504751734374759E-90,1.9596833255984192E-66,4.100371778080722E-28,1.0,1.3376790170630802E-108,2.2310641354447368E-122,3.860038818057655E-96,6.786104180396855E-107,9.434801641210411E-52,Sleep
8.367667669880533E-92,2.219116457506671E-63,3.504751734374759E-90,1.9596833255984192E-66,4.100371778080722E-28,1.0,1.3376790170630802E-108,2.2310641354447368E-122,3.860038818057655E-96,6.786104180396855E-107,9.434801641210411E-52,Sleep
8.367667669880533E-92,2.219116457506671E-63,3.504751734374759E-90,1.9596833255984192E-66,4.100371778080722E-28,1.0,1.3376790170630802E-108,2.2310641354447368E-122,3.860038818057655E-96,6.786104180396855E-107,9.434801641210411E-52,Sleep
8.367667669880533E-92,2.219116457506671E-63,3.504751734374759E-90,1.9596833255984192E-66,4.100371778080722E-28,1.0,1.3376790170630802E-108,2.2310641354447368E-122,3.860038818057655E-96,6.786104180396855E-107,9.434801641210411E-52,Sleep
8.367667669880533E-92,2.219116457506671E-63,3.504751734374759E-90,1.9596833255984192E-66,4.100371778080722E-28,1.0,1.3376790170630802E-108,2.2310641354447368E-122,3.860038818057655E-96,6.786104180396855E-107,9.434801641210411E-52,Sleep
8.367667669880533E-92,2.219116457506671E-63,3.504751734374759E-90,1.9596833255984192E-66,4.100371778080722E-28,1.0,1.3376790170630802E-108,2.2310641354447368E-122,3.860038818057655E-96,6.786104180396855E-107,9.434801641210411E-52,Sleep
8.367667669880533E-92,2.219116457506671E-63,3.504751734374759E-90,1.9596833255984192E-66,4.100371778080722E-28,1.0,1.3376790170630802E-108,2.2310641354447368E-122,3.860038818057655E-96,6.786104180396855E-107,9.434801641210411E-52,Sleep
8.367667669880533E-92,2.219116457506671E-63,3.504751734374759E-90,1.9596833255984192E-66,4.100371778080722E-28,1.0,1.3376790170630802E-108,2.2310641354447368E-122,3.860038818057655E-96,6.786104180396855E-107,9.434801641210411E-52,Sleep
8.367667669880533E-92,2.219116457506671E-63,3.504751734374759E-90,1.9596833255984192E-66,4.100371778080722E-28,1.0,1.3376790170630802E-108,2.2310641354447368E-122,3.860038818057655E-96,6.786104180396855E-107,9.434801641210411E-52,Sleep
8.367667669880533E-92,2.219116457506671E-63,3.504751734374759E-90,1.9596833255984192E-66,4.100371778080722E-28,1.0,1.3376790170630802E-108,2.2310641354447368E-122,3.860038818057655E-96,6.786104180396855E-107,9.434801641210411E-52,Sleep
8.367667669880533E-92,2.219116457506671E-63,3.504751734374759E-90,1.9596833255984192E-66,4.100371778080722E-28,1.0,1.3376790170630802E-108,2.2310641354447368E-122,3.860038818057655E-96,6.786104180396855E-107,9.434801641210411E-52,Sleep
6.158841905426372E-88,1.6333329633435062E-59,2.5795971710837577E-86,3.932539907151439E-62,2.635036205449436E-25,1.0,9.845698839068229E-105,1.6421267948467153E-118,4.545757746092418E-92,1.1987438636512487E-102,6.94428292443505E-48,Sleep
6.158841905426372E-88,1.6333329633435062E-59,2.5795971710837577E-86,3.932539907151439E-62,2.635036205449436E-25,1.0,9.845698839068229E-105,1.6421267948467153E-118,4.545757746092418E-92,1.1987438636512487E-102,6.94428292443505E-48,Sleep
6.158841905426372E-88,1.6333329633435062E-59,2.5795971710837577E-86,3.932539907151439E-62,2.635036205449436E-25,1.0,9.845698839068229E-105,1.6421267948467153E-118,4.545757746092418E-92,1.1987438636512487E-102,6.94428292443505E-48,Sleep
8.367667669880533E-92,2.219116457506671E-63,3.504751734374759E-90,1.9596833255984192E-66,4.100371778080722E-28,1.0,1.3376790170630802E-108,2.2310641354447368E-122,3.860038818057655E-96,6.786104180396855E-107,9.434801641210411E-52,Sleep
8.367667669880533E-92,2.219116457506671E-63,3.504751734374759E-90,1.9596833255984192E-66,4.100371778080722E-28,1.0,1.3376790170630802E-108,2.2310641354447368E-122,3.860038818057655E-96,6.786104180396855E-107,9.434801641210411E-52,Sleep
8.367667669880533E-92,2.219116457506671E-63,3.504751734374759E-90,1.9596833255984192E-66,4.100371778080722E-28,1.0,1.3376790170630802E-108,2.2310641354447368E-122,3.860038818057655E-96,6.786104180396855E-107,9.434801641210411E-52,Sleep
8.367667669880533E-92,2.219116457506671E-63,3.504751734374759E-90,1.9596833255984192E-66,4.100371778080722E-28,1.0,1.3376790170630802E-108,2.2310641354447368E-122,3.860038818057655E-96,6.786104180396855E-107,9.434801641210411E-52,Sleep
8.367667669880533E-92,2.219116457506671E-63,3.504751734374759E-90,1.9596833255984192E-66,4.100371778080722E-28,1.0,1.3376790170630802E-108,2.2310641354447368E-122,3.860038818057655E-96,6.786104180396855E-107,9.434801641210411E-52,Sleep
8.367667669880533E-92,2.219116457506671E-63,3.504751734374759E-90,1.9596833255984192E-66,4.100371778080722E-28,1.0,1.3376790170630802E-108,2.2310641354447368E-122,3.860038818057655E-96,6.786104180396855E-107,9.434801641210411E-52,Sleep
8.367667669880533E-92,2.219116457506671E-63,3.504751734374759E-90,1.9596833255984192E-66,4.100371778080722E-28,1.0,1.3376790170630802E-108,2.2310641354447368E-122,3.860038818057655E-96,6.786104180396855E-107,9.434801641210411E-52,Sleep
8.367667669880533E-92,2.219116457506671E-63,3.504751734374759E-90,1.9596833255984192E-66,4.100371778080722E-28,1.0,1.3376790170630802E-108,2.2310641354447368E-122,3.860038818057655E-96,6.786104180396855E-107,9.434801641210411E-52,Sleep
8.367667669880533E-92,2.219116457506671E-63,3.504751734374759E-90,1.9596833255984192E-66,4.100371778080722E-28,1.0,1.3376790170630802E-108,2.2310641354447368E-122,3.860038818057655E-96,6.786104180396855E-107,9.434801641210411E-52,Sleep
8.367667669880533E-92,2.219116457506671E-63,3.504751734374759E-90,1.9596833255984192E-66,4.100371778080722E-28,1.0,1.3376790170630802E-108,2.2310641354447368E-122,3.860038818057655E-96,6.786104180396855E-107,9.434801641210411E-52,Sleep
8.367667669880533E-92,2.219116457506671E-63,3.504751734374759E-90,1.9596833255984192E-66,4.100371778080722E-28,1.0,1.3376790170630802E-108,2.2310641354447368E-122,3.860038818057655E-96,6.786104180396855E-107,9.434801641210411E-52,Sleep
8.367667669880533E-92,2.219116457506671E-63,3.504751734374759E-90,1.9596833255984192E-66,4.100371778080722E-28,1.0,1.3376790170630802E-108,2.2310641354447368E-122,3.860038818057655E-96,6.786104180396855E-107,9.434801641210411E-52,Sleep
8.367667669880533E-92,2.219116457506671E-63,3.504751734374759E-90,1.9596833255984192E-66,4.100371778080722E-28,1.0,1.3376790170630802E-108,2.2310641354447368E-122,3.860038818057655E-96,6.786104180396855E-107,9.434801641210411E-52,Sleep
8.367667669880533E-92,2.219116457506671E-63,3.504751734374759E-90,1.9596833255984192E-66,4.100371778080722E-28,1.0,1.3376790170630802E-108,2.2310641354447368E-122,3.860038818057655E-96,6.786104180396855E-107,9.434801641210411E-52,Sleep
8.367667669880533E-92,2.219116457506671E-63,3.504751734374759E-90,1.9596833255984192E-66,4.100371778080722E-28,1.0,1.3376790170630802E-108,2.2310641354447368E-122,3.860038818057655E-96,6.786104180396855E-107,9.434801641210411E-52,Sleep
8.367667669880533E-92,2.219116457506671E-63,3.504751734374759E-90,1.9596833255984192E-66,4.100371778080722E-28,1.0,1.3376790170630802E-108,2.2310641354447368E-122,3.860038818057655E-96,6.786104180396855E-107,9.434801641210411E-52,Sleep
8.367667669880533E-92,2.219116457506671E-63,3.504751734374759E-90,1.9596833255984192E-66,4.100371778080722E-28,1.0,1.3376790170630802E-108,2.2310641354447368E-122,3.860038818057655E-96,6.786104180396855E-107,9.434801641210411E-52,Sleep
8.367667669880533E-92,2.219116457506671E-63,3.504751734374759E-90,1.9596833255984192E-66,4.100371778080722E-28,1.0,1.3376790170630802E-108,2.2310641354447368E-122,3.860038818057655E-96,6.786104180396855E-107,9.434801641210411E-52,Sleep
5.877437330302102E-88,9.698603291175427E-60,8.205774691096189E-87,3.852933836234147E-61,1.0639714341458046E-23,1.0,9.395837527290051E-105,5.223653771901439E-119,1.0845142106682797E-92,2.2243897604609182E-103,2.2089968816792987E-48,Sleep
3.978874080922396E-65,3.2467773315324243E-37,1.1654053130718525E-64,6.335080109017074E-37,0.9999999999999747,2.5349098182014974E-14,1.2242548416528954E-57,8.166105000494691E-95,1.540255089610617E-70,3.15913578276864E-81,2.235144885347362E-22,Sleep
7.992728872266854E-60,6.522099064153014E-32,2.341056415518233E-59,8.724153618033186E-33,0.9999999999999221,7.323827402908909E-52,4.713034450454258E-23,6.940716026767332E-88,3.0940515017643378E-65,6.346045456262288E-76,7.793883267857062E-14,Exercise
7.465586217814681E-63,8.399504788015119E-35,4.421906877034579E-62,1.3033352985759582E-39,4.805772872272601E-16,9.812941731934372E-100,0.9999999999999594,1.968381164358078E-89,4.870168699196071E-68,8.561953318794036E-79,4.012526578417233E-14,Exercise
1.843126134243797E-66,4.88799471863248E-38,7.71983277839773E-65,3.04195552654097E-45,4.1998314290823223E-22,1.1841718988934677E-105,1.0,1.603800320355724E-92,8.50241513579628E-71,1.494758929023929E-81,1.575109697055959E-17,Exercise
1.1057725815843878E-63,2.932523411378285E-35,4.631467842688348E-62,1.368752368520937E-42,1.120540199390482E-19,7.104369003046682E-103,0.99999999999999,9.6078932932166E-90,5.100973481811648E-68,8.967717450725363E-79,1.0058181886092856E-14,Exercise
1.6801555073240367E-63,4.4557944753259424E-35,7.037239241135735E-62,1.512536446332372E-42,1.6277831778907253E-20,1.0794665110458901E-102,0.9999999999999674,1.930262109959172E-89,7.750625066057893E-68,1.3625911976765392E-78,3.256042391720412E-14,Exercise
6.49458556493365E-63,1.7223726228682863E-34,2.720221562421691E-61,5.846659626424527E-42,3.251441828515676E-20,4.172642109559113E-102,0.9999999999993796,1.4976993205186302E-88,2.995978494476265E-67,5.267051225165488E-78,6.204341251508616E-13,Exercise
6.798778516066636E-66,1.8030449930841572E-37,2.8476311125054446E-64,1.4587203743382876E-44,1.1621959404128256E-23,4.3680800331518445E-105,0.9999999999999956,4.160004160777234E-91,3.136303928740523E-70,5.513749007489746E-81,4.406354313447824E-15,Exercise
1.810805498333277E-70,4.802279967645955E-42,7.584459566610972E-69,4.9447952176603684E-49,1.0846781933708807E-26,1.1634065328708062E-109,1.0,4.522081215444848E-95,8.353318739802243E-75,1.4685471802882393E-85,1.4854717180294657E-18,Exercise
1.6962489460489413E-73,4.4984744862177685E-45,7.104645727032526E-72,4.631973828282597E-52,2.094640234498444E-29,1.089806225483257E-112,1.0,7.770964146389314E-98,7.82486474745918E-78,1.375642833576193E-88,4.1110625879567694E-21,Exercise
5.137938286018515E-75,1.3625879824572713E-46,2.1519972863984112E-73,8.479821035473292E-54,2.0511861383339584E-30,3.3010232037575506E-114,1.0,4.072406361774714E-99,2.370151637381803E-79,4.166822328165866E-90,3.7964393060099145E-22,Exercise
7.778157764933345E-75,2.062777656359394E-46,3.257838742214847E-73,1.2837325433001322E-53,1.5010485483577951E-30,4.9973117299556564E-114,1.0,4.961849908182031E-99,3.588095523163618E-79,6.3080168820253925E-90,3.452528330187437E-22,Exercise
5.126227293625877E-75,1.3594822118916184E-46,2.1470922014310477E-73,8.460492831413776E-54,3.4543675765761227E-31,3.293499123963187E-114,1.0,4.8791695561331026E-99,2.364749309395437E-79,4.157324817325772E-90,5.3505085872095185E-22,Exercise
4.823740346412668E-75,1.2792622761544596E-46,2.0203972017354328E-73,1.0349636051826375E-53,2.031583279465299E-31,3.0991572739783738E-114,1.0,3.928078787873826E-99,2.22521086161677E-79,3.9120105890374077E-90,3.3040791747004195E-22,Exercise
1.9127215889567535E-75,5.072562778713502E-47,8.011329525443595E-74,4.103863577337836E-54,8.61813910837419E-32,1.228885594954095E-114,1.0,2.186581735973662E-99,8.823461773104606E-80,1.551200224829087E-90,2.754396913291979E-22,Exercise
6.314922355353733E-75,1.6747257036872083E-46,2.6449706119499983E-73,1.7244258365358614E-53,3.5103742439212785E-31,4.05721206919944E-114,1.0,6.913192372518118E-99,2.913099131846339E-79,5.121345957496921E-90,7.945928805291531E-22,Exercise
4.769229519462663E-75,1.2648059332439243E-46,1.9975656406801244E-73,1.302341048858134E-53,2.193900972853384E-31,3.0641351513624233E-114,1.0,6.825012245264798E-99,2.200064797464484E-79,3.8678027924042006E-90,1.0985021562829287E-21,Exercise
1.1675947800817932E-74,3.0964766938688736E-46,4.89040673218377E-73,2.5051474917910647E-53,1.6250859233723284E-30,7.501564337801551E-114,1.0,1.52163662339676E-98,5.386161774933107E-79,9.469089991101632E-90,2.500144890471109E-21,Exercise
1.570430133998991E-74,4.164801343954969E-46,6.577660529790067E-73,1.9439168607619994E-53,1.8386643392249667E-30,1.0089701400858599E-113,1.0,1.898227803290838E-98,7.244457496937333E-79,1.2736048942036246E-89,3.171950589907746E-21,Exercise
3.7141293920212E-74,9.849919935064069E-46,1.5556427360579174E-72,3.3435929277581334E-53,4.1189086350643044E-30,2.3862542954621382E-113,1.0,3.145477887660659E-98,1.7133428565893843E-78,3.0121259577070577E-89,3.60790809326684E-21,Exercise
3.7725254007837477E-75,1.000478691737972E-46,1.5801015842186876E-73,4.6697242847488294E-54,2.0980199578106207E-31,2.4237725701454694E-114,1.0,4.657682541210177E-99,1.7402811707707523E-79,3.05948460228947E-90,7.408077374204513E-22,Exercise
6.93121459958658E-75,1.8381672163955194E-46,2.9031012401086E-73,1.892717734519793E-53,1.4244886581259127E-31,4.4531675838997644E-114,1.0,8.18587100370249E-99,3.1973972277867084E-79,5.621153495256779E-90,1.0370479549771487E-21,Exercise
2.246310398693498E-75,5.957244684036729E-47,9.408547968650166E-74,7.667544172396533E-54,6.93160009059947E-32,1.4432097732847122E-114,1.0,3.5912449413318473E-99,1.0362320396148139E-79,1.821737787458023E-90,6.5658299108320105E-22,Exercise
1.2449372874538382E-74,3.301590039362027E-46,5.214351584617699E-73,5.230107605090128E-53,1.6702651313475678E-31,7.99847457157557E-114,1.0,1.9449724370119268E-98,5.742945878366328E-79,1.0096330858314029E-89,3.509180626645497E-21,Exercise
1.8941048258120986E-75,5.023190878308708E-47,7.933354233526066E-74,5.172262008838579E-54,7.167173608549636E-32,1.2169246947461876E-114,1.0,3.3139653299139493E-99,8.737581894449292E-80,1.5361021952230106E-90,7.415199430238744E-22,Exercise
2.930827374952099E-74,7.772592696630755E-46,1.2275609800445608E-72,6.288273099947249E-53,5.778541878044385E-31,1.8829983219531904E-113,1.0,3.784650159577695E-98,1.3520024793878446E-78,2.376874977109907E-89,6.061771006725172E-21,Exercise
9.505164622439266E-75,2.5207821435031583E-46,3.981186097529115E-73,1.1765725436520197E-53,4.926020239024793E-31,6.106879302054878E-114,1.0,8.11444869568325E-99,4.384770746426462E-79,7.708604108672532E-90,7.777321248118887E-22,Exercise
1.1376281686746204E-74,3.0170048467847013E-46,4.764893222983972E-73,1.8775786586457767E-53,3.914944831907341E-31,7.30903481704325E-114,1.0,1.2441259634076805E-98,5.247924588843723E-79,9.22606343341832E-90,1.5615243896920625E-21,Exercise
3.2204047299916364E-75,8.54055564597793E-47,1.3488488678229586E-73,6.909579393050904E-54,3.977311176215799E-31,2.0690460156096633E-114,1.0,4.435681820773864E-99,1.4855856802703283E-79,2.6117196407750256E-90,7.530439146238754E-22,Exercise
4.778389723954784E-73,1.267235231508603E-44,2.0014023421198588E-71,1.0252333460181241E-51,6.230278297496254E-30,3.0700204006499025E-112,1.0,1.3266195881717937E-96,2.204290436712595E-77,3.875231636910223E-88,6.40567852111801E-19,Exercise
1.0781404465294204E-65,4.888038655152718E-33,6.192574035383164E-61,1.779398180504785E-44,1.358915243234311E-23,5.772365023938751E-105,0.9999999989931116,2.6315220043364206E-77,6.360797293936872E-61,1.7926925921652795E-77,1.006888391399864E-9,Exercise
1.6294729538977188E-59,1.5968497410419745E-14,5.543802574554221E-48,5.4764647017262675E-39,3.9530675436437737E-22,3.489679926863028E-99,1.0545734500467748E-20,6.527318278932427E-34,5.805597175857127E-27,5.50920687764018E-61,0.999999999999984,Exercise
2.8866833295002016E-63,6.043632278801972E-11,5.793937214541189E-46,6.467866116317534E-43,1.6271141251639503E-30,6.182122167765982E-103,9.740763510273127E-53,0.9999797593290752,1.1624552595536586E-5,1.7137889320781714E-60,8.616057892964289E-6,Read
3.5158060611219017E-87,2.6667080397903583E-31,7.4253611998561E-67,3.2969324257435E-67,3.329987091526225E-59,8.06726963605423E-127,3.6543152307095563E-100,0.9999999999999316,6.832444627718491E-14,8.11143645496414E-83,3.0119875783135962E-33,Read
2.406533527534599E-88,5.433545757856404E-35,5.490486412577718E-68,3.949254308882694E-68,3.988849078934179E-60,9.663437176411942E-128,3.720965949152722E-101,0.9999999999999996,4.093742476396228E-16,2.570713987483353E-87,2.4147846430416543E-35,Read
2.878654541069784E-88,2.091370369615884E-34,7.081759001078932E-68,4.1991386162394045E-68,4.241238697651849E-60,1.0274879518865527E-127,4.177051281775551E-101,0.9999999999999991,9.491454839718966E-16,1.3454941193674644E-86,4.636841776477122E-35,Read
2.878654541069784E-88,2.091370369615884E-34,7.081759001078932E-68,4.1991386162394045E-68,4.241238697651849E-60,1.0274879518865527E-127,4.177051281775551E-101,0.9999999999999991,9.491454839718966E-16,1.3454941193674644E-86,4.636841776477122E-35,Read
2.5280621010696014E-88,3.992877317848981E-36,4.245905738558204E-68,5.5315858718683514E-68,5.587044916408493E-60,1.3535247005651658E-127,4.425252096736217E-101,1.0,7.727341762326346E-17,1.024033800209582E-88,8.03057123044042E-36,Read
2.2927169805338772E-88,1.452052522070467E-35,4.620769488452208E-68,4.299971514256945E-68,4.3430825347222636E-60,1.0521607710833586E-127,3.773692187352546E-101,0.9999999999999998,1.7742525525848874E-16,5.056273665510993E-88,1.3445502489806205E-35,Read
2.2927169805338772E-88,1.452052522070467E-35,4.620769488452208E-68,4.299971514256945E-68,4.3430825347222636E-60,1.0521607710833586E-127,3.773692187352546E-101,0.9999999999999998,1.7742525525848874E-16,5.056273665510993E-88,1.3445502489806205E-35,Read
2.2927169805338772E-88,1.452052522070467E-35,4.620769488452208E-68,4.299971514256945E-68,4.3430825347222636E-60,1.0521607710833586E-127,3.773692187352546E-101,0.9999999999999998,1.7742525525848874E-16,5.056273665510993E-88,1.3445502489806205E-35,Read
3.292648248372076E-88,1.1302183079582637E-36,4.288919862690622E-68,8.645467937243794E-68,8.732146405679924E-60,2.115461039930304E-127,6.123850149357975E-101,1.0,3.382029204596895E-17,2.1360714858970376E-89,5.164296242032594E-36,Read
3.292648248372076E-88,1.1302183079582637E-36,4.288919862690622E-68,8.645467937243794E-68,8.732146405679924E-60,2.115461039930304E-127,6.123850149357975E-101,1.0,3.382029204596895E-17,2.1360714858970376E-89,5.164296242032594E-36,Read
3.292648248372076E-88,1.1302183079582637E-36,4.288919862690622E-68,8.645467937243794E-68,8.732146405679924E-60,2.115461039930304E-127,6.123850149357975E-101,1.0,3.382029204596895E-17,2.1360714858970376E-89,5.164296242032594E-36,Read
2.2927169805338772E-88,1.452052522070467E-35,4.620769488452208E-68,4.299971514256945E-68,4.3430825347222636E-60,1.0521607710833586E-127,3.773692187352546E-101,0.9999999999999998,1.7742525525848874E-16,5.056273665510993E-88,1.3445502489806205E-35,Read
2.2927169805338772E-88,1.452052522070467E-35,4.620769488452208E-68,4.299971514256945E-68,4.3430825347222636E-60,1.0521607710833586E-127,3.773692187352546E-101,0.9999999999999998,1.7742525525848874E-16,5.056273665510993E-88,1.3445502489806205E-35,Read
2.2927169805338772E-88,1.452052522070467E-35,4.620769488452208E-68,4.299971514256945E-68,4.3430825347222636E-60,1.0521607710833586E-127,3.773692187352546E-101,0.9999999999999998,1.7742525525848874E-16,5.056273665510993E-88,1.3445502489806205E-35,Read
3.292648248372076E-88,1.1302183079582637E-36,4.288919862690622E-68,8.645467937243794E-68,8.732146405679924E-60,2.115461039930304E-127,6.123850149357975E-101,1.0,3.382029204596895E-17,2.1360714858970376E-89,5.164296242032594E-36,Read
3.292648248372076E-88,1.1302183079582637E-36,4.288919862690622E-68,8.645467937243794E-68,8.732146405679924E-60,2.115461039930304E-127,6.123850149357975E-101,1.0,3.382029204596895E-17,2.1360714858970376E-89,5.164296242032594E-36,Read
3.292648248372076E-88,1.1302183079582637E-36,4.288919862690622E-68,8.645467937243794E-68,8.732146405679924E-60,2.115461039930304E-127,6.123850149357975E-101,1.0,3.382029204596895E-17,2.1360714858970376E-89,5.164296242032594E-36,Read
3.292648248372076E-88,1.1302183079582637E-36,4.288919862690622E-68,8.645467937243794E-68,8.732146405679924E-60,2.115461039930304E-127,6.123850149357975E-101,1.0,3.382029204596895E-17,2.1360714858970376E-89,5.164296242032594E-36,Read
3.292648248372076E-88,1.1302183079582637E-36,4.288919862690622E-68,8.645467937243794E-68,8.732146405679924E-60,2.115461039930304E-127,6.123850149357975E-101,1.0,3.382029204596895E-17,2.1360714858970376E-89,5.164296242032594E-36,Read
3.292648248372076E-88,1.1302183079582637E-36,4.288919862690622E-68,8.645467937243794E-68,8.732146405679924E-60,2.115461039930304E-127,6.123850149357975E-101,1.0,3.382029204596895E-17,2.1360714858970376E-89,5.164296242032594E-36,Read
7.162202564063538E-78,1.0789560507559305E-26,2.508736685473396E-60,6.321247521877914E-58,3.990389764599432E-50,9.667169661379964E-118,1.6904663568950035E-91,1.1645637179147118E-4,0.9998835436282084,2.896130687545757E-53,6.702979331583134E-27,Read
8.635141159164258E-78,1.342063695098705E-31,3.6052433901028784E-65,3.5016508097878555E-58,2.210473724089781E-50,5.355122126742986E-118,1.3085913465423876E-92,3.3632430519031527E-34,1.0,2.8749669339823796E-21,5.3516341595592456E-30,PlayPad
1.0216991826080902E-81,9.502636991221401E-45,3.529858208747115E-77,2.689387043649748E-62,1.697719080748689E-54,4.1129161207540497E-122,1.7561230115057314E-98,1.4930105142867743E-76,2.923446899803845E-15,0.9999999999999971,2.337485902240933E-39,PlayPad
2.241904164458649E-88,5.320850884538495E-57,7.223148229175688E-88,4.528108849178828E-69,4.573507148357997E-61,1.107983734892583E-128,2.7569010747764044E-106,3.9791860479043104E-98,1.158523997009239E-27,1.0,1.9444735585386123E-49,PlayPad
2.428343285965456E-87,2.4808450565197082E-54,2.536979821379102E-86,3.614553583539845E-68,3.650792682565576E-60,8.84445739458949E-128,3.080966864483015E-105,4.864658633003768E-94,1.8871605016085943E-25,1.0,1.2417376177821227E-47,PlayPad
4.418249816920144E-86,1.2340648078129215E-51,1.205054824336284E-84,5.2827626551554E-67,5.3357270267064025E-59,1.2926401047721272E-126,5.789458281292193E-104,5.7695322574064596E-90,2.931431165725757E-23,1.0,9.916756951859504E-46,PlayPad
4.418249816920144E-86,1.2340648078129215E-51,1.205054824336284E-84,5.2827626551554E-67,5.3357270267064025E-59,1.2926401047721272E-126,5.789458281292193E-104,5.7695322574064596E-90,2.931431165725757E-23,1.0,9.916756951859504E-46,PlayPad
2.428343285965456E-87,2.4808450565197082E-54,2.536979821379102E-86,3.614553583539845E-68,3.650792682565576E-60,8.84445739458949E-128,3.080966864483015E-105,4.864658633003768E-94,1.8871605016085943E-25,1.0,1.2417376177821227E-47,PlayPad
2.241904164458649E-88,5.320850884538495E-57,7.223148229175688E-88,4.528108849178828E-69,4.573507148357997E-61,1.107983734892583E-128,2.7569010747764044E-106,3.9791860479043104E-98,1.158523997009239E-27,1.0,1.9444735585386123E-49,PlayPad
2.241904164458649E-88,5.320850884538495E-57,7.223148229175688E-88,4.528108849178828E-69,4.573507148357997E-61,1.107983734892583E-128,2.7569010747764044E-106,3.9791860479043104E-98,1.158523997009239E-27,1.0,1.9444735585386123E-49,PlayPad
2.241904164458649E-88,5.320850884538495E-57,7.223148229175688E-88,4.528108849178828E-69,4.573507148357997E-61,1.107983734892583E-128,2.7569010747764044E-106,3.9791860479043104E-98,1.158523997009239E-27,1.0,1.9444735585386123E-49,PlayPad
2.241904164458649E-88,5.320850884538495E-57,7.223148229175688E-88,4.528108849178828E-69,4.573507148357997E-61,1.107983734892583E-128,2.7569010747764044E-106,3.9791860479043104E-98,1.158523997009239E-27,1.0,1.9444735585386123E-49,PlayPad
2.241904164458649E-88,5.320850884538495E-57,7.223148229175688E-88,4.528108849178828E-69,4.573507148357997E-61,1.107983734892583E-128,2.7569010747764044E-106,3.9791860479043104E-98,1.158523997009239E-27,1.0,1.9444735585386123E-49,PlayPad
2.241904164458649E-88,5.320850884538495E-57,7.223148229175688E-88,4.528108849178828E-69,4.573507148357997E-61,1.107983734892583E-128,2.7569010747764044E-106,3.9791860479043104E-98,1.158523997009239E-27,1.0,1.9444735585386123E-49,PlayPad
2.241904164458649E-88,5.320850884538495E-57,7.223148229175688E-88,4.528108849178828E-69,4.573507148357997E-61,1.107983734892583E-128,2.7569010747764044E-106,3.9791860479043104E-98,1.158523997009239E-27,1.0,1.9444735585386123E-49,PlayPad
2.241904164458649E-88,5.320850884538495E-57,7.223148229175688E-88,4.528108849178828E-69,4.573507148357997E-61,1.107983734892583E-128,2.7569010747764044E-106,3.9791860479043104E-98,1.158523997009239E-27,1.0,1.9444735585386123E-49,PlayPad
2.241904164458649E-88,5.320850884538495E-57,7.223148229175688E-88,4.528108849178828E-69,4.573507148357997E-61,1.107983734892583E-128,2.7569010747764044E-106,3.9791860479043104E-98,1.158523997009239E-27,1.0,1.9444735585386123E-49,PlayPad
2.241904164458649E-88,5.320850884538495E-57,7.223148229175688E-88,4.528108849178828E-69,4.573507148357997E-61,1.107983734892583E-128,2.7569010747764044E-106,3.9791860479043104E-98,1.158523997009239E-27,1.0,1.9444735585386123E-49,PlayPad
6.850741763984786E-88,1.1397445172878818E-55,4.109811454980299E-87,1.1710880470725368E-68,1.1828292413100381E-60,2.865537361194245E-128,8.556085562009591E-106,4.417532914966374E-96,1.4877087175256508E-26,1.0,1.5086760178256207E-48,PlayPad
2.2077320175827975E-85,2.821143346704027E-50,9.18274950273025E-84,2.4153400408730533E-66,2.439555962673358E-58,5.910099709749435E-126,2.9411190307003126E-103,6.219882791487482E-88,3.5922798337789335E-22,1.0,9.571895371949371E-45,PlayPad
2.2077320175827975E-85,2.821143346704027E-50,9.18274950273025E-84,2.4153400408730533E-66,2.439555962673358E-58,5.910099709749435E-126,2.9411190307003126E-103,6.219882791487482E-88,3.5922798337789335E-22,1.0,9.571895371949371E-45,PlayPad
4.418249816920144E-86,1.2340648078129215E-51,1.205054824336284E-84,5.2827626551554E-67,5.3357270267064025E-59,1.2926401047721272E-126,5.789458281292193E-104,5.7695322574064596E-90,2.931431165725757E-23,1.0,9.916756951859504E-46,PlayPad
