26.475,14.125,0.075,17.525,0.1,0.025,0.675,0.0,0.15,0.0,0.0,0.0,0.0,0.0,0.0,0.0,0.0,0.175,0.125,0.45,0.1
57.529411764705884,0.8823529411764706,0.0,0.35294117647058826,0.0,0.0,1.1470588235294117,0.0,0.029411764705882353,0.0,0.0,0.0,0.0,0.0,0.0,0.0,0.0,0.0,0.0,0.058823529411764705,0.0
57.529411764705884,0.8823529411764706,0.0,0.35294117647058826,0.0,0.0,1.1470588235294117,0.0,0.029411764705882353,0.0,0.0,0.0,0.0,0.0,0.0,0.0,0.0,0.0,0.0,0.058823529411764705,0.0
57.529411764705884,0.8823529411764706,0.0,0.35294117647058826,0.0,0.0,1.1470588235294117,0.0,0.029411764705882353,0.0,0.0,0.0,0.0,0.0,0.0,0.0,0.0,0.0,0.0,0.058823529411764705,0.0
57.529411764705884,0.8823529411764706,0.0,0.35294117647058826,0.0,0.0,1.1470588235294117,0.0,0.029411764705882353,0.0,0.0,0.0,0.0,0.0,0.0,0.0,0.0,0.0,0.0,0.058823529411764705,0.0
57.529411764705884,0.8823529411764706,0.0,0.35294117647058826,0.0,0.0,1.1470588235294117,0.0,0.029411764705882353,0.0,0.0,0.0,0.0,0.0,0.0,0.0,0.0,0.0,0.0,0.058823529411764705,0.0
57.529411764705884,0.8823529411764706,0.0,0.35294117647058826,0.0,0.0,1.1470588235294117,0.0,0.029411764705882353,0.0,0.0,0.0,0.0,0.0,0.0,0.0,0.0,0.0,0.0,0.058823529411764705,0.0
57.529411764705884,0.8823529411764706,0.0,0.35294117647058826,0.0,0.0,1.1470588235294117,0.0,0.029411764705882353,0.0,0.0,0.0,0.0,0.0,0.0,0.0,0.0,0.0,0.0,0.058823529411764705,0.0
57.529411764705884,0.8823529411764706,0.0,0.35294117647058826,0.0,0.0,1.1470588235294117,0.0,0.029411764705882353,0.0,0.0,0.0,0.0,0.0,0.0,0.0,0.0,0.0,0.0,0.058823529411764705,0.0
57.529411764705884,0.8823529411764706,0.0,0.35294117647058826,0.0,0.0,1.1470588235294117,0.0,0.029411764705882353,0.0,0.0,0.0,0.0,0.0,0.0,0.0,0.0,0.0,0.0,0.058823529411764705,0.0
57.529411764705884,0.8823529411764706,0.0,0.35294117647058826,0.0,0.0,1.1470588235294117,0.0,0.029411764705882353,0.0,0.0,0.0,0.0,0.0,0.0,0.0,0.0,0.0,0.0,0.058823529411764705,0.0
57.529411764705884,0.8823529411764706,0.0,0.35294117647058826,0.0,0.0,1.1470588235294117,0.0,0.029411764705882353,0.0,0.0,0.0,0.0,0.0,0.0,0.0,0.0,0.0,0.0,0.058823529411764705,0.0
57.529411764705884,0.8823529411764706,0.0,0.35294117647058826,0.0,0.0,1.1470588235294117,0.0,0.029411764705882353,0.0,0.0,0.0,0.0,0.0,0.0,0.0,0.0,0.0,0.0,0.058823529411764705,0.0
57.529411764705884,0.8823529411764706,0.0,0.35294117647058826,0.0,0.0,1.1470588235294117,0.0,0.029411764705882353,0.0,0.0,0.0,0.0,0.0,0.0,0.0,0.0,0.0,0.0,0.058823529411764705,0.0
57.529411764705884,0.8823529411764706,0.0,0.35294117647058826,0.0,0.0,1.1470588235294117,0.0,0.029411764705882353,0.0,0.0,0.0,0.0,0.0,0.0,0.0,0.0,0.0,0.0,0.058823529411764705,0.0
57.529411764705884,0.8823529411764706,0.0,0.35294117647058826,0.0,0.0,1.1470588235294117,0.0,0.029411764705882353,0.0,0.0,0.0,0.0,0.0,0.0,0.0,0.0,0.0,0.0,0.058823529411764705,0.0
57.529411764705884,0.8823529411764706,0.0,0.35294117647058826,0.0,0.0,1.1470588235294117,0.0,0.029411764705882353,0.0,0.0,0.0,0.0,0.0,0.0,0.0,0.0,0.0,0.0,0.058823529411764705,0.0
57.529411764705884,0.8823529411764706,0.0,0.35294117647058826,0.0,0.0,1.1470588235294117,0.0,0.029411764705882353,0.0,0.0,0.0,0.0,0.0,0.0,0.0,0.0,0.0,0.0,0.058823529411764705,0.0
57.529411764705884,0.8823529411764706,0.0,0.35294117647058826,0.0,0.0,1.1470588235294117,0.0,0.029411764705882353,0.0,0.0,0.0,0.0,0.0,0.0,0.0,0.0,0.0,0.0,0.058823529411764705,0.0
57.529411764705884,0.8823529411764706,0.0,0.35294117647058826,0.0,0.0,1.1470588235294117,0.0,0.029411764705882353,0.0,0.0,0.0,0.0,0.0,0.0,0.0,0.0,0.0,0.0,0.058823529411764705,0.0
57.529411764705884,0.8823529411764706,0.0,0.35294117647058826,0.0,0.0,1.1470588235294117,0.0,0.029411764705882353,0.0,0.0,0.0,0.0,0.0,0.0,0.0,0.0,0.0,0.0,0.058823529411764705,0.0
57.529411764705884,0.8823529411764706,0.0,0.35294117647058826,0.0,0.0,1.1470588235294117,0.0,0.029411764705882353,0.0,0.0,0.0,0.0,0.0,0.0,0.0,0.0,0.0,0.0,0.058823529411764705,0.0
57.529411764705884,0.8823529411764706,0.0,0.35294117647058826,0.0,0.0,1.1470588235294117,0.0,0.029411764705882353,0.0,0.0,0.0,0.0,0.0,0.0,0.0,0.0,0.0,0.0,0.058823529411764705,0.0
57.529411764705884,0.8823529411764706,0.0,0.35294117647058826,0.0,0.0,1.1470588235294117,0.0,0.029411764705882353,0.0,0.0,0.0,0.0,0.0,0.0,0.0,0.0,0.0,0.0,0.058823529411764705,0.0
57.529411764705884,0.8823529411764706,0.0,0.35294117647058826,0.0,0.0,1.1470588235294117,0.0,0.029411764705882353,0.0,0.0,0.0,0.0,0.0,0.0,0.0,0.0,0.0,0.0,0.058823529411764705,0.0
57.529411764705884,0.8823529411764706,0.0,0.35294117647058826,0.0,0.0,1.1470588235294117,0.0,0.029411764705882353,0.0,0.0,0.0,0.0,0.0,0.0,0.0,0.0,0.0,0.0,0.058823529411764705,0.0
57.529411764705884,0.8823529411764706,0.0,0.35294117647058826,0.0,0.0,1.1470588235294117,0.0,0.029411764705882353,0.0,0.0,0.0,0.0,0.0,0.0,0.0,0.0,0.0,0.0,0.058823529411764705,0.0
57.529411764705884,0.8823529411764706,0.0,0.35294117647058826,0.0,0.0,1.1470588235294117,0.0,0.029411764705882353,0.0,0.0,0.0,0.0,0.0,0.0,0.0,0.0,0.0,0.0,0.058823529411764705,0.0
57.529411764705884,0.8823529411764706,0.0,0.35294117647058826,0.0,0.0,1.1470588235294117,0.0,0.029411764705882353,0.0,0.0,0.0,0.0,0.0,0.0,0.0,0.0,0.0,0.0,0.058823529411764705,0.0
57.529411764705884,0.8823529411764706,0.0,0.35294117647058826,0.0,0.0,1.1470588235294117,0.0,0.029411764705882353,0.0,0.0,0.0,0.0,0.0,0.0,0.0,0.0,0.0,0.0,0.058823529411764705,0.0
57.529411764705884,0.8823529411764706,0.0,0.35294117647058826,0.0,0.0,1.1470588235294117,0.0,0.029411764705882353,0.0,0.0,0.0,0.0,0.0,0.0,0.0,0.0,0.0,0.0,0.058823529411764705,0.0
57.529411764705884,0.8823529411764706,0.0,0.35294117647058826,0.0,0.0,1.1470588235294117,0.0,0.029411764705882353,0.0,0.0,0.0,0.0,0.0,0.0,0.0,0.0,0.0,0.0,0.058823529411764705,0.0
57.529411764705884,0.8823529411764706,0.0,0.35294117647058826,0.0,0.0,1.1470588235294117,0.0,0.029411764705882353,0.0,0.0,0.0,0.0,0.0,0.0,0.0,0.0,0.0,0.0,0.058823529411764705,0.0
26.475,14.125,0.075,17.525,0.1,0.025,0.675,0.0,0.15,0.0,0.0,0.0,0.0,0.0,0.0,0.0,0.0,0.175,0.125,0.45,0.1
26.475,14.125,0.075,17.525,0.1,0.025,0.675,0.0,0.15,0.0,0.0,0.0,0.0,0.0,0.0,0.0,0.0,0.175,0.125,0.45,0.1
26.475,14.125,0.075,17.525,0.1,0.025,0.675,0.0,0.15,0.0,0.0,0.0,0.0,0.0,0.0,0.0,0.0,0.175,0.125,0.45,0.1
26.475,14.125,0.075,17.525,0.1,0.025,0.675,0.0,0.15,0.0,0.0,0.0,0.0,0.0,0.0,0.0,0.0,0.175,0.125,0.45,0.1
26.475,14.125,0.075,17.525,0.1,0.025,0.675,0.0,0.15,0.0,0.0,0.0,0.0,0.0,0.0,0.0,0.0,0.175,0.125,0.45,0.1
26.475,14.125,0.075,17.525,0.1,0.025,0.675,0.0,0.15,0.0,0.0,0.0,0.0,0.0,0.0,0.0,0.0,0.175,0.125,0.45,0.1
26.475,14.125,0.075,17.525,0.1,0.025,0.675,0.0,0.15,0.0,0.0,0.0,0.0,0.0,0.0,0.0,0.0,0.175,0.125,0.45,0.1
26.475,14.125,0.075,17.525,0.1,0.025,0.675,0.0,0.15,0.0,0.0,0.0,0.0,0.0,0.0,0.0,0.0,0.175,0.125,0.45,0.1
26.475,14.125,0.075,17.525,0.1,0.025,0.675,0.0,0.15,0.0,0.0,0.0,0.0,0.0,0.0,0.0,0.0,0.175,0.125,0.45,0.1
26.475,14.125,0.075,17.525,0.1,0.025,0.675,0.0,0.15,0.0,0.0,0.0,0.0,0.0,0.0,0.0,0.0,0.175,0.125,0.45,0.1
26.475,14.125,0.075,17.525,0.1,0.025,0.675,0.0,0.15,0.0,0.0,0.0,0.0,0.0,0.0,0.0,0.0,0.175,0.125,0.45,0.1
26.475,14.125,0.075,17.525,0.1,0.025,0.675,0.0,0.15,0.0,0.0,0.0,0.0,0.0,0.0,0.0,0.0,0.175,0.125,0.45,0.1
26.475,14.125,0.075,17.525,0.1,0.025,0.675,0.0,0.15,0.0,0.0,0.0,0.0,0.0,0.0,0.0,0.0,0.175,0.125,0.45,0.1
26.475,14.125,0.075,17.525,0.1,0.025,0.675,0.0,0.15,0.0,0.0,0.0,0.0,0.0,0.0,0.0,0.0,0.175,0.125,0.45,0.1
26.475,14.125,0.075,17.525,0.1,0.025,0.675,0.0,0.15,0.0,0.0,0.0,0.0,0.0,0.0,0.0,0.0,0.175,0.125,0.45,0.1
26.475,14.125,0.075,17.525,0.1,0.025,0.675,0.0,0.15,0.0,0.0,0.0,0.0,0.0,0.0,0.0,0.0,0.175,0.125,0.45,0.1
26.475,14.125,0.075,17.525,0.1,0.025,0.675,0.0,0.15,0.0,0.0,0.0,0.0,0.0,0.0,0.0,0.0,0.175,0.125,0.45,0.1
26.475,14.125,0.075,17.525,0.1,0.025,0.675,0.0,0.15,0.0,0.0,0.0,0.0,0.0,0.0,0.0,0.0,0.175,0.125,0.45,0.1
26.475,14.125,0.075,17.525,0.1,0.025,0.675,0.0,0.15,0.0,0.0,0.0,0.0,0.0,0.0,0.0,0.0,0.175,0.125,0.45,0.1
0.13636363636363635,58.59090909090909,0.0,1.2272727272727273,0.0,0.0,0.0,0.0,0.045454545454545456,0.0,0.0,0.0,0.0,0.0,0.0,0.0,0.0,0.0,0.0,0.0,0.0
0.13636363636363635,58.59090909090909,0.0,1.2272727272727273,0.0,0.0,0.0,0.0,0.045454545454545456,0.0,0.0,0.0,0.0,0.0,0.0,0.0,0.0,0.0,0.0,0.0,0.0
26.475,14.125,0.075,17.525,0.1,0.025,0.675,0.0,0.15,0.0,0.0,0.0,0.0,0.0,0.0,0.0,0.0,0.175,0.125,0.45,0.1
26.475,14.125,0.075,17.525,0.1,0.025,0.675,0.0,0.15,0.0,0.0,0.0,0.0,0.0,0.0,0.0,0.0,0.175,0.125,0.45,0.1
4.285714285714286,4.142857142857143,4.285714285714286,19.285714285714285,10.857142857142858,0.42857142857142855,0.0,0.0,0.0,0.0,0.0,0.0,0.0,0.0,0.0,0.0,0.0,4.0,2.0,1.5714285714285714,9.142857142857142
4.285714285714286,4.142857142857143,4.285714285714286,19.285714285714285,10.857142857142858,0.42857142857142855,0.0,0.0,0.0,0.0,0.0,0.0,0.0,0.0,0.0,0.0,0.0,4.0,2.0,1.5714285714285714,9.142857142857142
4.285714285714286,4.142857142857143,4.285714285714286,19.285714285714285,10.857142857142858,0.42857142857142855,0.0,0.0,0.0,0.0,0.0,0.0,0.0,0.0,0.0,0.0,0.0,4.0,2.0,1.5714285714285714,9.142857142857142
4.285714285714286,4.142857142857143,4.285714285714286,19.285714285714285,10.857142857142858,0.42857142857142855,0.0,0.0,0.0,0.0,0.0,0.0,0.0,0.0,0.0,0.0,0.0,4.0,2.0,1.5714285714285714,9.142857142857142
0.07142857142857142,0.32142857142857145,2.892857142857143,0.25,24.357142857142858,0.2857142857142857,0.0,0.0,0.0,0.0,0.0,0.0,0.0,0.0,0.0,0.0,0.0,0.7142857142857143,0.2857142857142857,0.25,30.571428571428573
0.07142857142857142,0.32142857142857145,2.892857142857143,0.25,24.357142857142858,0.2857142857142857,0.0,0.0,0.0,0.0,0.0,0.0,0.0,0.0,0.0,0.0,0.0,0.7142857142857143,0.2857142857142857,0.25,30.571428571428573
0.07142857142857142,0.32142857142857145,2.892857142857143,0.25,24.357142857142858,0.2857142857142857,0.0,0.0,0.0,0.0,0.0,0.0,0.0,0.0,0.0,0.0,0.0,0.7142857142857143,0.2857142857142857,0.25,30.571428571428573
0.07142857142857142,0.32142857142857145,2.892857142857143,0.25,24.357142857142858,0.2857142857142857,0.0,0.0,0.0,0.0,0.0,0.0,0.0,0.0,0.0,0.0,0.0,0.7142857142857143,0.2857142857142857,0.25,30.571428571428573
0.07142857142857142,0.32142857142857145,2.892857142857143,0.25,24.357142857142858,0.2857142857142857,0.0,0.0,0.0,0.0,0.0,0.0,0.0,0.0,0.0,0.0,0.0,0.7142857142857143,0.2857142857142857,0.25,30.571428571428573
0.07142857142857142,0.32142857142857145,2.892857142857143,0.25,24.357142857142858,0.2857142857142857,0.0,0.0,0.0,0.0,0.0,0.0,0.0,0.0,0.0,0.0,0.0,0.7142857142857143,0.2857142857142857,0.25,30.571428571428573
0.07142857142857142,0.32142857142857145,2.892857142857143,0.25,24.357142857142858,0.2857142857142857,0.0,0.0,0.0,0.0,0.0,0.0,0.0,0.0,0.0,0.0,0.0,0.7142857142857143,0.2857142857142857,0.25,30.571428571428573
0.07142857142857142,0.32142857142857145,2.892857142857143,0.25,24.357142857142858,0.2857142857142857,0.0,0.0,0.0,0.0,0.0,0.0,0.0,0.0,0.0,0.0,0.0,0.7142857142857143,0.2857142857142857,0.25,30.571428571428573
0.07142857142857142,0.32142857142857145,2.892857142857143,0.25,24.357142857142858,0.2857142857142857,0.0,0.0,0.0,0.0,0.0,0.0,0.0,0.0,0.0,0.0,0.0,0.7142857142857143,0.2857142857142857,0.25,30.571428571428573
0.07142857142857142,0.32142857142857145,2.892857142857143,0.25,24.357142857142858,0.2857142857142857,0.0,0.0,0.0,0.0,0.0,0.0,0.0,0.0,0.0,0.0,0.0,0.7142857142857143,0.2857142857142857,0.25,30.571428571428573
0.07142857142857142,0.32142857142857145,2.892857142857143,0.25,24.357142857142858,0.2857142857142857,0.0,0.0,0.0,0.0,0.0,0.0,0.0,0.0,0.0,0.0,0.0,0.7142857142857143,0.2857142857142857,0.25,30.571428571428573
0.07142857142857142,0.32142857142857145,2.892857142857143,0.25,24.357142857142858,0.2857142857142857,0.0,0.0,0.0,0.0,0.0,0.0,0.0,0.0,0.0,0.0,0.0,0.7142857142857143,0.2857142857142857,0.25,30.571428571428573
0.07142857142857142,0.32142857142857145,2.892857142857143,0.25,24.357142857142858,0.2857142857142857,0.0,0.0,0.0,0.0,0.0,0.0,0.0,0.0,0.0,0.0,0.0,0.7142857142857143,0.2857142857142857,0.25,30.571428571428573
0.07142857142857142,0.32142857142857145,2.892857142857143,0.25,24.357142857142858,0.2857142857142857,0.0,0.0,0.0,0.0,0.0,0.0,0.0,0.0,0.0,0.0,0.0,0.7142857142857143,0.2857142857142857,0.25,30.571428571428573
0.07142857142857142,0.32142857142857145,2.892857142857143,0.25,24.357142857142858,0.2857142857142857,0.0,0.0,0.0,0.0,0.0,0.0,0.0,0.0,0.0,0.0,0.0,0.7142857142857143,0.2857142857142857,0.25,30.571428571428573
0.07142857142857142,0.32142857142857145,2.892857142857143,0.25,24.357142857142858,0.2857142857142857,0.0,0.0,0.0,0.0,0.0,0.0,0.0,0.0,0.0,0.0,0.0,0.7142857142857143,0.2857142857142857,0.25,30.571428571428573
0.07142857142857142,0.32142857142857145,2.892857142857143,0.25,24.357142857142858,0.2857142857142857,0.0,0.0,0.0,0.0,0.0,0.0,0.0,0.0,0.0,0.0,0.0,0.7142857142857143,0.2857142857142857,0.25,30.571428571428573
0.07142857142857142,0.32142857142857145,2.892857142857143,0.25,24.357142857142858,0.2857142857142857,0.0,0.0,0.0,0.0,0.0,0.0,0.0,0.0,0.0,0.0,0.0,0.7142857142857143,0.2857142857142857,0.25,30.571428571428573
0.07142857142857142,0.32142857142857145,2.892857142857143,0.25,24.357142857142858,0.2857142857142857,0.0,0.0,0.0,0.0,0.0,0.0,0.0,0.0,0.0,0.0,0.0,0.7142857142857143,0.2857142857142857,0.25,30.571428571428573
0.07142857142857142,0.32142857142857145,2.892857142857143,0.25,24.357142857142858,0.2857142857142857,0.0,0.0,0.0,0.0,0.0,0.0,0.0,0.0,0.0,0.0,0.0,0.7142857142857143,0.2857142857142857,0.25,30.571428571428573
0.07142857142857142,0.32142857142857145,2.892857142857143,0.25,24.357142857142858,0.2857142857142857,0.0,0.0,0.0,0.0,0.0,0.0,0.0,0.0,0.0,0.0,0.0,0.7142857142857143,0.2857142857142857,0.25,30.571428571428573
0.07142857142857142,0.32142857142857145,2.892857142857143,0.25,24.357142857142858,0.2857142857142857,0.0,0.0,0.0,0.0,0.0,0.0,0.0,0.0,0.0,0.0,0.0,0.7142857142857143,0.2857142857142857,0.25,30.571428571428573
0.07142857142857142,0.32142857142857145,2.892857142857143,0.25,24.357142857142858,0.2857142857142857,0.0,0.0,0.0,0.0,0.0,0.0,0.0,0.0,0.0,0.0,0.0,0.7142857142857143,0.2857142857142857,0.25,30.571428571428573
0.07142857142857142,0.32142857142857145,2.892857142857143,0.25,24.357142857142858,0.2857142857142857,0.0,0.0,0.0,0.0,0.0,0.0,0.0,0.0,0.0,0.0,0.0,0.7142857142857143,0.2857142857142857,0.25,30.571428571428573
0.07142857142857142,0.32142857142857145,2.892857142857143,0.25,24.357142857142858,0.2857142857142857,0.0,0.0,0.0,0.0,0.0,0.0,0.0,0.0,0.0,0.0,0.0,0.7142857142857143,0.2857142857142857,0.25,30.571428571428573
0.07142857142857142,0.32142857142857145,2.892857142857143,0.25,24.357142857142858,0.2857142857142857,0.0,0.0,0.0,0.0,0.0,0.0,0.0,0.0,0.0,0.0,0.0,0.7142857142857143,0.2857142857142857,0.25,30.571428571428573
0.07142857142857142,0.32142857142857145,2.892857142857143,0.25,24.357142857142858,0.2857142857142857,0.0,0.0,0.0,0.0,0.0,0.0,0.0,0.0,0.0,0.0,0.0,0.7142857142857143,0.2857142857142857,0.25,30.571428571428573
0.07142857142857142,0.32142857142857145,2.892857142857143,0.25,24.357142857142858,0.2857142857142857,0.0,0.0,0.0,0.0,0.0,0.0,0.0,0.0,0.0,0.0,0.0,0.7142857142857143,0.2857142857142857,0.25,30.571428571428573
4.285714285714286,4.142857142857143,4.285714285714286,19.285714285714285,10.857142857142858,0.42857142857142855,0.0,0.0,0.0,0.0,0.0,0.0,0.0,0.0,0.0,0.0,0.0,4.0,2.0,1.5714285714285714,9.142857142857142
4.285714285714286,4.142857142857143,4.285714285714286,19.285714285714285,10.857142857142858,0.42857142857142855,0.0,0.0,0.0,0.0,0.0,0.0,0.0,0.0,0.0,0.0,0.0,4.0,2.0,1.5714285714285714,9.142857142857142
4.285714285714286,4.142857142857143,4.285714285714286,19.285714285714285,10.857142857142858,0.42857142857142855,0.0,0.0,0.0,0.0,0.0,0.0,0.0,0.0,0.0,0.0,0.0,4.0,2.0,1.5714285714285714,9.142857142857142
26.475,14.125,0.075,17.525,0.1,0.025,0.675,0.0,0.15,0.0,0.0,0.0,0.0,0.0,0.0,0.0,0.0,0.175,0.125,0.45,0.1
26.475,14.125,0.075,17.525,0.1,0.025,0.675,0.0,0.15,0.0,0.0,0.0,0.0,0.0,0.0,0.0,0.0,0.175,0.125,0.45,0.1
26.475,14.125,0.075,17.525,0.1,0.025,0.675,0.0,0.15,0.0,0.0,0.0,0.0,0.0,0.0,0.0,0.0,0.175,0.125,0.45,0.1
26.475,14.125,0.075,17.525,0.1,0.025,0.675,0.0,0.15,0.0,0.0,0.0,0.0,0.0,0.0,0.0,0.0,0.175,0.125,0.45,0.1
26.475,14.125,0.075,17.525,0.1,0.025,0.675,0.0,0.15,0.0,0.0,0.0,0.0,0.0,0.0,0.0,0.0,0.175,0.125,0.45,0.1
26.475,14.125,0.075,17.525,0.1,0.025,0.675,0.0,0.15,0.0,0.0,0.0,0.0,0.0,0.0,0.0,0.0,0.175,0.125,0.45,0.1
26.475,14.125,0.075,17.525,0.1,0.025,0.675,0.0,0.15,0.0,0.0,0.0,0.0,0.0,0.0,0.0,0.0,0.175,0.125,0.45,0.1
26.475,14.125,0.075,17.525,0.1,0.025,0.675,0.0,0.15,0.0,0.0,0.0,0.0,0.0,0.0,0.0,0.0,0.175,0.125,0.45,0.1
1.3623188405797102,2.6956521739130435,0.0,55.82608695652174,0.0,0.0,0.0,0.0,0.057971014492753624,0.014492753623188406,0.0,0.0,0.0,0.014492753623188406,0.028985507246376812,0.0,0.0,0.0,0.0,0.0,0.0
1.3623188405797102,2.6956521739130435,0.0,55.82608695652174,0.0,0.0,0.0,0.0,0.057971014492753624,0.014492753623188406,0.0,0.0,0.0,0.014492753623188406,0.028985507246376812,0.0,0.0,0.0,0.0,0.0,0.0
1.3623188405797102,2.6956521739130435,0.0,55.82608695652174,0.0,0.0,0.0,0.0,0.057971014492753624,0.014492753623188406,0.0,0.0,0.0,0.014492753623188406,0.028985507246376812,0.0,0.0,0.0,0.0,0.0,0.0
1.3623188405797102,2.6956521739130435,0.0,55.82608695652174,0.0,0.0,0.0,0.0,0.057971014492753624,0.014492753623188406,0.0,0.0,0.0,0.014492753623188406,0.028985507246376812,0.0,0.0,0.0,0.0,0.0,0.0
1.3623188405797102,2.6956521739130435,0.0,55.82608695652174,0.0,0.0,0.0,0.0,0.057971014492753624,0.014492753623188406,0.0,0.0,0.0,0.014492753623188406,0.028985507246376812,0.0,0.0,0.0,0.0,0.0,0.0
1.3623188405797102,2.6956521739130435,0.0,55.82608695652174,0.0,0.0,0.0,0.0,0.057971014492753624,0.014492753623188406,0.0,0.0,0.0,0.014492753623188406,0.028985507246376812,0.0,0.0,0.0,0.0,0.0,0.0
1.3623188405797102,2.6956521739130435,0.0,55.82608695652174,0.0,0.0,0.0,0.0,0.057971014492753624,0.014492753623188406,0.0,0.0,0.0,0.014492753623188406,0.028985507246376812,0.0,0.0,0.0,0.0,0.0,0.0
1.3623188405797102,2.6956521739130435,0.0,55.82608695652174,0.0,0.0,0.0,0.0,0.057971014492753624,0.014492753623188406,0.0,0.0,0.0,0.014492753623188406,0.028985507246376812,0.0,0.0,0.0,0.0,0.0,0.0
1.3623188405797102,2.6956521739130435,0.0,55.82608695652174,0.0,0.0,0.0,0.0,0.057971014492753624,0.014492753623188406,0.0,0.0,0.0,0.014492753623188406,0.028985507246376812,0.0,0.0,0.0,0.0,0.0,0.0
1.3623188405797102,2.6956521739130435,0.0,55.82608695652174,0.0,0.0,0.0,0.0,0.057971014492753624,0.014492753623188406,0.0,0.0,0.0,0.014492753623188406,0.028985507246376812,0.0,0.0,0.0,0.0,0.0,0.0
1.3623188405797102,2.6956521739130435,0.0,55.82608695652174,0.0,0.0,0.0,0.0,0.057971014492753624,0.014492753623188406,0.0,0.0,0.0,0.014492753623188406,0.028985507246376812,0.0,0.0,0.0,0.0,0.0,0.0
1.3623188405797102,2.6956521739130435,0.0,55.82608695652174,0.0,0.0,0.0,0.0,0.057971014492753624,0.014492753623188406,0.0,0.0,0.0,0.014492753623188406,0.028985507246376812,0.0,0.0,0.0,0.0,0.0,0.0
1.3623188405797102,2.6956521739130435,0.0,55.82608695652174,0.0,0.0,0.0,0.0,0.057971014492753624,0.014492753623188406,0.0,0.0,0.0,0.014492753623188406,0.028985507246376812,0.0,0.0,0.0,0.0,0.0,0.0
1.3623188405797102,2.6956521739130435,0.0,55.82608695652174,0.0,0.0,0.0,0.0,0.057971014492753624,0.014492753623188406,0.0,0.0,0.0,0.014492753623188406,0.028985507246376812,0.0,0.0,0.0,0.0,0.0,0.0
1.3623188405797102,2.6956521739130435,0.0,55.82608695652174,0.0,0.0,0.0,0.0,0.057971014492753624,0.014492753623188406,0.0,0.0,0.0,0.014492753623188406,0.028985507246376812,0.0,0.0,0.0,0.0,0.0,0.0
1.3623188405797102,2.6956521739130435,0.0,55.82608695652174,0.0,0.0,0.0,0.0,0.057971014492753624,0.014492753623188406,0.0,0.0,0.0,0.014492753623188406,0.028985507246376812,0.0,0.0,0.0,0.0,0.0,0.0
1.3623188405797102,2.6956521739130435,0.0,55.82608695652174,0.0,0.0,0.0,0.0,0.057971014492753624,0.014492753623188406,0.0,0.0,0.0,0.014492753623188406,0.028985507246376812,0.0,0.0,0.0,0.0,0.0,0.0
1.3623188405797102,2.6956521739130435,0.0,55.82608695652174,0.0,0.0,0.0,0.0,0.057971014492753624,0.014492753623188406,0.0,0.0,0.0,0.014492753623188406,0.028985507246376812,0.0,0.0,0.0,0.0,0.0,0.0
1.3623188405797102,2.6956521739130435,0.0,55.82608695652174,0.0,0.0,0.0,0.0,0.057971014492753624,0.014492753623188406,0.0,0.0,0.0,0.014492753623188406,0.028985507246376812,0.0,0.0,0.0,0.0,0.0,0.0
1.3623188405797102,2.6956521739130435,0.0,55.82608695652174,0.0,0.0,0.0,0.0,0.057971014492753624,0.014492753623188406,0.0,0.0,0.0,0.014492753623188406,0.028985507246376812,0.0,0.0,0.0,0.0,0.0,0.0
1.3623188405797102,2.6956521739130435,0.0,55.82608695652174,0.0,0.0,0.0,0.0,0.057971014492753624,0.014492753623188406,0.0,0.0,0.0,0.014492753623188406,0.028985507246376812,0.0,0.0,0.0,0.0,0.0,0.0
1.3623188405797102,2.6956521739130435,0.0,55.82608695652174,0.0,0.0,0.0,0.0,0.057971014492753624,0.014492753623188406,0.0,0.0,0.0,0.014492753623188406,0.028985507246376812,0.0,0.0,0.0,0.0,0.0,0.0
1.3623188405797102,2.6956521739130435,0.0,55.82608695652174,0.0,0.0,0.0,0.0,0.057971014492753624,0.014492753623188406,0.0,0.0,0.0,0.014492753623188406,0.028985507246376812,0.0,0.0,0.0,0.0,0.0,0.0
1.3623188405797102,2.6956521739130435,0.0,55.82608695652174,0.0,0.0,0.0,0.0,0.057971014492753624,0.014492753623188406,0.0,0.0,0.0,0.014492753623188406,0.028985507246376812,0.0,0.0,0.0,0.0,0.0,0.0
1.3623188405797102,2.6956521739130435,0.0,55.82608695652174,0.0,0.0,0.0,0.0,0.057971014492753624,0.014492753623188406,0.0,0.0,0.0,0.014492753623188406,0.028985507246376812,0.0,0.0,0.0,0.0,0.0,0.0
1.3623188405797102,2.6956521739130435,0.0,55.82608695652174,0.0,0.0,0.0,0.0,0.057971014492753624,0.014492753623188406,0.0,0.0,0.0,0.014492753623188406,0.028985507246376812,0.0,0.0,0.0,0.0,0.0,0.0
26.475,14.125,0.075,17.525,0.1,0.025,0.675,0.0,0.15,0.0,0.0,0.0,0.0,0.0,0.0,0.0,0.0,0.175,0.125,0.45,0.1
26.475,14.125,0.075,17.525,0.1,0.025,0.675,0.0,0.15,0.0,0.0,0.0,0.0,0.0,0.0,0.0,0.0,0.175,0.125,0.45,0.1
26.475,14.125,0.075,17.525,0.1,0.025,0.675,0.0,0.15,0.0,0.0,0.0,0.0,0.0,0.0,0.0,0.0,0.175,0.125,0.45,0.1
26.475,14.125,0.075,17.525,0.1,0.025,0.675,0.0,0.15,0.0,0.0,0.0,0.0,0.0,0.0,0.0,0.0,0.175,0.125,0.45,0.1
26.475,14.125,0.075,17.525,0.1,0.025,0.675,0.0,0.15,0.0,0.0,0.0,0.0,0.0,0.0,0.0,0.0,0.175,0.125,0.45,0.1
26.475,14.125,0.075,17.525,0.1,0.025,0.675,0.0,0.15,0.0,0.0,0.0,0.0,0.0,0.0,0.0,0.0,0.175,0.125,0.45,0.1
26.475,14.125,0.075,17.525,0.1,0.025,0.675,0.0,0.15,0.0,0.0,0.0,0.0,0.0,0.0,0.0,0.0,0.175,0.125,0.45,0.1
57.529411764705884,0.8823529411764706,0.0,0.35294117647058826,0.0,0.0,1.1470588235294117,0.0,0.029411764705882353,0.0,0.0,0.0,0.0,0.0,0.0,0.0,0.0,0.0,0.0,0.058823529411764705,0.0
57.529411764705884,0.8823529411764706,0.0,0.35294117647058826,0.0,0.0,1.1470588235294117,0.0,0.029411764705882353,0.0,0.0,0.0,0.0,0.0,0.0,0.0,0.0,0.0,0.0,0.058823529411764705,0.0
26.475,14.125,0.075,17.525,0.1,0.025,0.675,0.0,0.15,0.0,0.0,0.0,0.0,0.0,0.0,0.0,0.0,0.175,0.125,0.45,0.1
26.475,14.125,0.075,17.525,0.1,0.025,0.675,0.0,0.15,0.0,0.0,0.0,0.0,0.0,0.0,0.0,0.0,0.175,0.125,0.45,0.1
13.25,1.5,0.0,17.25,0.0,0.0,0.0,0.0,0.0,0.0,0.0,0.0,0.0,0.0,0.0,0.0,0.0,0.0,19.75,8.25,0.0
13.25,1.5,0.0,17.25,0.0,0.0,0.0,0.0,0.0,0.0,0.0,0.0,0.0,0.0,0.0,0.0,0.0,0.0,19.75,8.25,0.0
13.25,1.5,0.0,17.25,0.0,0.0,0.0,0.0,0.0,0.0,0.0,0.0,0.0,0.0,0.0,0.0,0.0,0.0,19.75,8.25,0.0
13.25,1.5,0.0,17.25,0.0,0.0,0.0,0.0,0.0,0.0,0.0,0.0,0.0,0.0,0.0,0.0,0.0,0.0,19.75,8.25,0.0
0.0,0.0,5.708333333333333,0.2916666666666667,0.4583333333333333,0.041666666666666664,0.0,0.0,0.0,0.0,0.0,0.0,0.0,0.0,0.0,0.0,0.0,0.9583333333333334,26.458333333333332,25.708333333333332,0.375
0.0,0.0,5.708333333333333,0.2916666666666667,0.4583333333333333,0.041666666666666664,0.0,0.0,0.0,0.0,0.0,0.0,0.0,0.0,0.0,0.0,0.0,0.9583333333333334,26.458333333333332,25.708333333333332,0.375
0.0,0.0,5.708333333333333,0.2916666666666667,0.4583333333333333,0.041666666666666664,0.0,0.0,0.0,0.0,0.0,0.0,0.0,0.0,0.0,0.0,0.0,0.9583333333333334,26.458333333333332,25.708333333333332,0.375
0.0,0.0,5.708333333333333,0.2916666666666667,0.4583333333333333,0.041666666666666664,0.0,0.0,0.0,0.0,0.0,0.0,0.0,0.0,0.0,0.0,0.0,0.9583333333333334,26.458333333333332,25.708333333333332,0.375
0.0,0.0,5.708333333333333,0.2916666666666667,0.4583333333333333,0.041666666666666664,0.0,0.0,0.0,0.0,0.0,0.0,0.0,0.0,0.0,0.0,0.0,0.9583333333333334,26.458333333333332,25.708333333333332,0.375
0.0,0.0,5.708333333333333,0.2916666666666667,0.4583333333333333,0.041666666666666664,0.0,0.0,0.0,0.0,0.0,0.0,0.0,0.0,0.0,0.0,0.0,0.9583333333333334,26.458333333333332,25.708333333333332,0.375
0.0,0.0,5.708333333333333,0.2916666666666667,0.4583333333333333,0.041666666666666664,0.0,0.0,0.0,0.0,0.0,0.0,0.0,0.0,0.0,0.0,0.0,0.9583333333333334,26.458333333333332,25.708333333333332,0.375
0.0,0.0,5.708333333333333,0.2916666666666667,0.4583333333333333,0.041666666666666664,0.0,0.0,0.0,0.0,0.0,0.0,0.0,0.0,0.0,0.0,0.0,0.9583333333333334,26.458333333333332,25.708333333333332,0.375
0.0,0.0,5.708333333333333,0.2916666666666667,0.4583333333333333,0.041666666666666664,0.0,0.0,0.0,0.0,0.0,0.0,0.0,0.0,0.0,0.0,0.0,0.9583333333333334,26.458333333333332,25.708333333333332,0.375
0.0,0.0,5.708333333333333,0.2916666666666667,0.4583333333333333,0.041666666666666664,0.0,0.0,0.0,0.0,0.0,0.0,0.0,0.0,0.0,0.0,0.0,0.9583333333333334,26.458333333333332,25.708333333333332,0.375
0.0,0.0,5.708333333333333,0.2916666666666667,0.4583333333333333,0.041666666666666664,0.0,0.0,0.0,0.0,0.0,0.0,0.0,0.0,0.0,0.0,0.0,0.9583333333333334,26.458333333333332,25.708333333333332,0.375
0.0,0.0,5.708333333333333,0.2916666666666667,0.4583333333333333,0.041666666666666664,0.0,0.0,0.0,0.0,0.0,0.0,0.0,0.0,0.0,0.0,0.0,0.9583333333333334,26.458333333333332,25.708333333333332,0.375
0.0,0.0,5.708333333333333,0.2916666666666667,0.4583333333333333,0.041666666666666664,0.0,0.0,0.0,0.0,0.0,0.0,0.0,0.0,0.0,0.0,0.0,0.9583333333333334,26.458333333333332,25.708333333333332,0.375
0.0,0.0,5.708333333333333,0.2916666666666667,0.4583333333333333,0.041666666666666664,0.0,0.0,0.0,0.0,0.0,0.0,0.0,0.0,0.0,0.0,0.0,0.9583333333333334,26.458333333333332,25.708333333333332,0.375
0.0,0.0,5.708333333333333,0.2916666666666667,0.4583333333333333,0.041666666666666664,0.0,0.0,0.0,0.0,0.0,0.0,0.0,0.0,0.0,0.0,0.0,0.9583333333333334,26.458333333333332,25.708333333333332,0.375
0.0,0.0,5.708333333333333,0.2916666666666667,0.4583333333333333,0.041666666666666664,0.0,0.0,0.0,0.0,0.0,0.0,0.0,0.0,0.0,0.0,0.0,0.9583333333333334,26.458333333333332,25.708333333333332,0.375
0.0,0.0,5.708333333333333,0.2916666666666667,0.4583333333333333,0.041666666666666664,0.0,0.0,0.0,0.0,0.0,0.0,0.0,0.0,0.0,0.0,0.0,0.9583333333333334,26.458333333333332,25.708333333333332,0.375
0.0,0.0,5.708333333333333,0.2916666666666667,0.4583333333333333,0.041666666666666664,0.0,0.0,0.0,0.0,0.0,0.0,0.0,0.0,0.0,0.0,0.0,0.9583333333333334,26.458333333333332,25.708333333333332,0.375
0.0,0.0,5.708333333333333,0.2916666666666667,0.4583333333333333,0.041666666666666664,0.0,0.0,0.0,0.0,0.0,0.0,0.0,0.0,0.0,0.0,0.0,0.9583333333333334,26.458333333333332,25.708333333333332,0.375
0.0,0.0,5.708333333333333,0.2916666666666667,0.4583333333333333,0.041666666666666664,0.0,0.0,0.0,0.0,0.0,0.0,0.0,0.0,0.0,0.0,0.0,0.9583333333333334,26.458333333333332,25.708333333333332,0.375
0.0,0.0,5.708333333333333,0.2916666666666667,0.4583333333333333,0.041666666666666664,0.0,0.0,0.0,0.0,0.0,0.0,0.0,0.0,0.0,0.0,0.0,0.9583333333333334,26.458333333333332,25.708333333333332,0.375
0.0,0.0,5.708333333333333,0.2916666666666667,0.4583333333333333,0.041666666666666664,0.0,0.0,0.0,0.0,0.0,0.0,0.0,0.0,0.0,0.0,0.0,0.9583333333333334,26.458333333333332,25.708333333333332,0.375
0.0,0.0,5.708333333333333,0.2916666666666667,0.4583333333333333,0.041666666666666664,0.0,0.0,0.0,0.0,0.0,0.0,0.0,0.0,0.0,0.0,0.0,0.9583333333333334,26.458333333333332,25.708333333333332,0.375
0.0,0.0,5.708333333333333,0.2916666666666667,0.4583333333333333,0.041666666666666664,0.0,0.0,0.0,0.0,0.0,0.0,0.0,0.0,0.0,0.0,0.0,0.9583333333333334,26.458333333333332,25.708333333333332,0.375
0.0,0.7142857142857143,6.285714285714286,0.0,6.0,2.142857142857143,0.0,0.0,1.0,0.0,0.0,0.0,0.0,0.0,0.0,0.0,0.0,16.0,16.0,8.857142857142858,3.0
0.0,0.7142857142857143,6.285714285714286,0.0,6.0,2.142857142857143,0.0,0.0,1.0,0.0,0.0,0.0,0.0,0.0,0.0,0.0,0.0,16.0,16.0,8.857142857142858,3.0
0.0,0.7142857142857143,6.285714285714286,0.0,6.0,2.142857142857143,0.0,0.0,1.0,0.0,0.0,0.0,0.0,0.0,0.0,0.0,0.0,16.0,16.0,8.857142857142858,3.0
0.0,0.7142857142857143,6.285714285714286,0.0,6.0,2.142857142857143,0.0,0.0,1.0,0.0,0.0,0.0,0.0,0.0,0.0,0.0,0.0,16.0,16.0,8.857142857142858,3.0
0.0,0.7142857142857143,6.285714285714286,0.0,6.0,2.142857142857143,0.0,0.0,1.0,0.0,0.0,0.0,0.0,0.0,0.0,0.0,0.0,16.0,16.0,8.857142857142858,3.0
0.0,0.7142857142857143,6.285714285714286,0.0,6.0,2.142857142857143,0.0,0.0,1.0,0.0,0.0,0.0,0.0,0.0,0.0,0.0,0.0,16.0,16.0,8.857142857142858,3.0
0.0,0.7142857142857143,6.285714285714286,0.0,6.0,2.142857142857143,0.0,0.0,1.0,0.0,0.0,0.0,0.0,0.0,0.0,0.0,0.0,16.0,16.0,8.857142857142858,3.0
0.0,0.3333333333333333,3.6666666666666665,0.0,11.0,16.0,0.0,6.666666666666667,8.666666666666666,0.0,0.0,0.0,0.0,0.0,0.0,0.0,0.0,3.0,1.6666666666666667,2.3333333333333335,6.666666666666667
0.0,0.3333333333333333,3.6666666666666665,0.0,11.0,16.0,0.0,6.666666666666667,8.666666666666666,0.0,0.0,0.0,0.0,0.0,0.0,0.0,0.0,3.0,1.6666666666666667,2.3333333333333335,6.666666666666667
0.0,0.3333333333333333,3.6666666666666665,0.0,11.0,16.0,0.0,6.666666666666667,8.666666666666666,0.0,0.0,0.0,0.0,0.0,0.0,0.0,0.0,3.0,1.6666666666666667,2.3333333333333335,6.666666666666667
0.0,0.0,0.0,0.0,0.6666666666666666,9.833333333333334,0.0,36.0,4.666666666666667,1.3333333333333333,1.8333333333333333,0.8333333333333334,0.8333333333333334,1.0,2.0,0.0,0.16666666666666666,0.0,0.0,0.16666666666666666,0.6666666666666666
0.0,0.0,0.0,0.0,0.6666666666666666,9.833333333333334,0.0,36.0,4.666666666666667,1.3333333333333333,1.8333333333333333,0.8333333333333334,0.8333333333333334,1.0,2.0,0.0,0.16666666666666666,0.0,0.0,0.16666666666666666,0.6666666666666666
0.0,0.0,0.0,0.0,0.6666666666666666,9.833333333333334,0.0,36.0,4.666666666666667,1.3333333333333333,1.8333333333333333,0.8333333333333334,0.8333333333333334,1.0,2.0,0.0,0.16666666666666666,0.0,0.0,0.16666666666666666,0.6666666666666666
0.0,0.0,0.0,0.0,0.0,0.3732394366197183,0.0,59.605633802816904,0.02112676056338028,0.0,0.0,0.0,0.0,0.0,0.0,0.0,0.0,0.0,0.0,0.0,0.0
0.0,0.0,0.0,0.0,0.0,0.3732394366197183,0.0,59.605633802816904,0.02112676056338028,0.0,0.0,0.0,0.0,0.0,0.0,0.0,0.0,0.0,0.0,0.0,0.0
0.0,0.0,0.0,0.0,0.0,0.3732394366197183,0.0,59.605633802816904,0.02112676056338028,0.0,0.0,0.0,0.0,0.0,0.0,0.0,0.0,0.0,0.0,0.0,0.0
0.0,0.0,0.0,0.0,0.0,0.3732394366197183,0.0,59.605633802816904,0.02112676056338028,0.0,0.0,0.0,0.0,0.0,0.0,0.0,0.0,0.0,0.0,0.0,0.0
0.0,0.0,0.0,0.0,0.0,0.3732394366197183,0.0,59.605633802816904,0.02112676056338028,0.0,0.0,0.0,0.0,0.0,0.0,0.0,0.0,0.0,0.0,0.0,0.0
0.0,0.0,0.0,0.0,0.0,0.3732394366197183,0.0,59.605633802816904,0.02112676056338028,0.0,0.0,0.0,0.0,0.0,0.0,0.0,0.0,0.0,0.0,0.0,0.0
0.0,0.0,0.0,0.0,0.0,0.3732394366197183,0.0,59.605633802816904,0.02112676056338028,0.0,0.0,0.0,0.0,0.0,0.0,0.0,0.0,0.0,0.0,0.0,0.0
0.0,0.0,0.0,0.0,0.0,0.3732394366197183,0.0,59.605633802816904,0.02112676056338028,0.0,0.0,0.0,0.0,0.0,0.0,0.0,0.0,0.0,0.0,0.0,0.0
0.0,0.0,0.0,0.0,0.0,0.3732394366197183,0.0,59.605633802816904,0.02112676056338028,0.0,0.0,0.0,0.0,0.0,0.0,0.0,0.0,0.0,0.0,0.0,0.0
0.0,0.0,0.0,0.0,0.0,0.3732394366197183,0.0,59.605633802816904,0.02112676056338028,0.0,0.0,0.0,0.0,0.0,0.0,0.0,0.0,0.0,0.0,0.0,0.0
0.0,0.0,0.0,0.0,0.0,0.3732394366197183,0.0,59.605633802816904,0.02112676056338028,0.0,0.0,0.0,0.0,0.0,0.0,0.0,0.0,0.0,0.0,0.0,0.0
0.0,0.0,0.0,0.0,0.0,0.3732394366197183,0.0,59.605633802816904,0.02112676056338028,0.0,0.0,0.0,0.0,0.0,0.0,0.0,0.0,0.0,0.0,0.0,0.0
0.0,0.0,0.0,0.0,0.0,0.3732394366197183,0.0,59.605633802816904,0.02112676056338028,0.0,0.0,0.0,0.0,0.0,0.0,0.0,0.0,0.0,0.0,0.0,0.0
0.0,0.0,0.0,0.0,0.0,0.3732394366197183,0.0,59.605633802816904,0.02112676056338028,0.0,0.0,0.0,0.0,0.0,0.0,0.0,0.0,0.0,0.0,0.0,0.0
0.0,0.0,0.0,0.0,0.0,0.3732394366197183,0.0,59.605633802816904,0.02112676056338028,0.0,0.0,0.0,0.0,0.0,0.0,0.0,0.0,0.0,0.0,0.0,0.0
0.0,0.0,0.0,0.0,0.0,0.3732394366197183,0.0,59.605633802816904,0.02112676056338028,0.0,0.0,0.0,0.0,0.0,0.0,0.0,0.0,0.0,0.0,0.0,0.0
0.0,0.0,0.0,0.0,0.0,0.3732394366197183,0.0,59.605633802816904,0.02112676056338028,0.0,0.0,0.0,0.0,0.0,0.0,0.0,0.0,0.0,0.0,0.0,0.0
0.0,0.0,0.0,0.0,0.0,0.3732394366197183,0.0,59.605633802816904,0.02112676056338028,0.0,0.0,0.0,0.0,0.0,0.0,0.0,0.0,0.0,0.0,0.0,0.0
0.0,0.0,0.0,0.0,0.0,0.3732394366197183,0.0,59.605633802816904,0.02112676056338028,0.0,0.0,0.0,0.0,0.0,0.0,0.0,0.0,0.0,0.0,0.0,0.0
0.0,0.0,0.0,0.0,0.0,0.3732394366197183,0.0,59.605633802816904,0.02112676056338028,0.0,0.0,0.0,0.0,0.0,0.0,0.0,0.0,0.0,0.0,0.0,0.0
0.0,0.0,0.0,0.0,0.0,0.3732394366197183,0.0,59.605633802816904,0.02112676056338028,0.0,0.0,0.0,0.0,0.0,0.0,0.0,0.0,0.0,0.0,0.0,0.0
0.0,0.0,0.0,0.0,0.0,0.3732394366197183,0.0,59.605633802816904,0.02112676056338028,0.0,0.0,0.0,0.0,0.0,0.0,0.0,0.0,0.0,0.0,0.0,0.0
0.0,0.0,0.0,0.0,0.0,0.3732394366197183,0.0,59.605633802816904,0.02112676056338028,0.0,0.0,0.0,0.0,0.0,0.0,0.0,0.0,0.0,0.0,0.0,0.0
0.0,0.0,0.0,0.0,0.0,0.3732394366197183,0.0,59.605633802816904,0.02112676056338028,0.0,0.0,0.0,0.0,0.0,0.0,0.0,0.0,0.0,0.0,0.0,0.0
0.0,0.0,0.0,0.0,0.0,0.3732394366197183,0.0,59.605633802816904,0.02112676056338028,0.0,0.0,0.0,0.0,0.0,0.0,0.0,0.0,0.0,0.0,0.0,0.0
0.0,0.0,0.0,0.0,0.0,0.3732394366197183,0.0,59.605633802816904,0.02112676056338028,0.0,0.0,0.0,0.0,0.0,0.0,0.0,0.0,0.0,0.0,0.0,0.0
0.0,0.0,0.0,0.0,0.0,0.3732394366197183,0.0,59.605633802816904,0.02112676056338028,0.0,0.0,0.0,0.0,0.0,0.0,0.0,0.0,0.0,0.0,0.0,0.0
0.0,0.0,0.0,0.0,0.0,0.3732394366197183,0.0,59.605633802816904,0.02112676056338028,0.0,0.0,0.0,0.0,0.0,0.0,0.0,0.0,0.0,0.0,0.0,0.0
0.0,0.0,0.0,0.0,0.0,0.3732394366197183,0.0,59.605633802816904,0.02112676056338028,0.0,0.0,0.0,0.0,0.0,0.0,0.0,0.0,0.0,0.0,0.0,0.0
0.0,0.0,0.0,0.0,0.0,0.3732394366197183,0.0,59.605633802816904,0.02112676056338028,0.0,0.0,0.0,0.0,0.0,0.0,0.0,0.0,0.0,0.0,0.0,0.0
0.0,0.0,0.0,0.0,0.0,0.3732394366197183,0.0,59.605633802816904,0.02112676056338028,0.0,0.0,0.0,0.0,0.0,0.0,0.0,0.0,0.0,0.0,0.0,0.0
0.0,0.0,0.0,0.0,0.0,0.3732394366197183,0.0,59.605633802816904,0.02112676056338028,0.0,0.0,0.0,0.0,0.0,0.0,0.0,0.0,0.0,0.0,0.0,0.0
0.0,0.0,0.0,0.0,0.0,0.3732394366197183,0.0,59.605633802816904,0.02112676056338028,0.0,0.0,0.0,0.0,0.0,0.0,0.0,0.0,0.0,0.0,0.0,0.0
0.0,0.0,0.0,0.0,0.0,0.3732394366197183,0.0,59.605633802816904,0.02112676056338028,0.0,0.0,0.0,0.0,0.0,0.0,0.0,0.0,0.0,0.0,0.0,0.0
0.0,0.0,0.0,0.0,0.0,0.3732394366197183,0.0,59.605633802816904,0.02112676056338028,0.0,0.0,0.0,0.0,0.0,0.0,0.0,0.0,0.0,0.0,0.0,0.0
0.0,0.0,0.0,0.0,0.0,0.3732394366197183,0.0,59.605633802816904,0.02112676056338028,0.0,0.0,0.0,0.0,0.0,0.0,0.0,0.0,0.0,0.0,0.0,0.0
0.0,0.0,0.0,0.0,0.0,0.3732394366197183,0.0,59.605633802816904,0.02112676056338028,0.0,0.0,0.0,0.0,0.0,0.0,0.0,0.0,0.0,0.0,0.0,0.0
0.0,0.0,0.0,0.0,0.0,0.3732394366197183,0.0,59.605633802816904,0.02112676056338028,0.0,0.0,0.0,0.0,0.0,0.0,0.0,0.0,0.0,0.0,0.0,0.0
0.0,0.0,0.0,0.0,0.0,0.3732394366197183,0.0,59.605633802816904,0.02112676056338028,0.0,0.0,0.0,0.0,0.0,0.0,0.0,0.0,0.0,0.0,0.0,0.0
0.0,0.0,0.0,0.0,0.0,0.3732394366197183,0.0,59.605633802816904,0.02112676056338028,0.0,0.0,0.0,0.0,0.0,0.0,0.0,0.0,0.0,0.0,0.0,0.0
0.0,0.0,0.0,0.0,0.0,0.3732394366197183,0.0,59.605633802816904,0.02112676056338028,0.0,0.0,0.0,0.0,0.0,0.0,0.0,0.0,0.0,0.0,0.0,0.0
0.0,0.0,0.0,0.0,0.0,0.3732394366197183,0.0,59.605633802816904,0.02112676056338028,0.0,0.0,0.0,0.0,0.0,0.0,0.0,0.0,0.0,0.0,0.0,0.0
0.0,0.0,0.0,0.0,0.0,0.3732394366197183,0.0,59.605633802816904,0.02112676056338028,0.0,0.0,0.0,0.0,0.0,0.0,0.0,0.0,0.0,0.0,0.0,0.0
0.0,0.0,0.0,0.0,0.0,0.3732394366197183,0.0,59.605633802816904,0.02112676056338028,0.0,0.0,0.0,0.0,0.0,0.0,0.0,0.0,0.0,0.0,0.0,0.0
0.0,0.0,0.0,0.0,0.0,0.3732394366197183,0.0,59.605633802816904,0.02112676056338028,0.0,0.0,0.0,0.0,0.0,0.0,0.0,0.0,0.0,0.0,0.0,0.0
0.0,0.0,0.0,0.0,0.0,0.3732394366197183,0.0,59.605633802816904,0.02112676056338028,0.0,0.0,0.0,0.0,0.0,0.0,0.0,0.0,0.0,0.0,0.0,0.0
0.0,0.0,0.0,0.0,0.0,0.3732394366197183,0.0,59.605633802816904,0.02112676056338028,0.0,0.0,0.0,0.0,0.0,0.0,0.0,0.0,0.0,0.0,0.0,0.0
0.0,0.0,0.0,0.0,0.0,0.3732394366197183,0.0,59.605633802816904,0.02112676056338028,0.0,0.0,0.0,0.0,0.0,0.0,0.0,0.0,0.0,0.0,0.0,0.0
0.0,0.0,0.0,0.0,0.0,0.3732394366197183,0.0,59.605633802816904,0.02112676056338028,0.0,0.0,0.0,0.0,0.0,0.0,0.0,0.0,0.0,0.0,0.0,0.0
0.0,0.0,0.0,0.0,0.0,0.3732394366197183,0.0,59.605633802816904,0.02112676056338028,0.0,0.0,0.0,0.0,0.0,0.0,0.0,0.0,0.0,0.0,0.0,0.0
0.0,0.0,0.0,0.0,0.0,0.3732394366197183,0.0,59.605633802816904,0.02112676056338028,0.0,0.0,0.0,0.0,0.0,0.0,0.0,0.0,0.0,0.0,0.0,0.0
0.0,0.0,0.0,0.0,0.0,0.3732394366197183,0.0,59.605633802816904,0.02112676056338028,0.0,0.0,0.0,0.0,0.0,0.0,0.0,0.0,0.0,0.0,0.0,0.0
0.0,0.0,0.0,0.0,0.0,0.3732394366197183,0.0,59.605633802816904,0.02112676056338028,0.0,0.0,0.0,0.0,0.0,0.0,0.0,0.0,0.0,0.0,0.0,0.0
0.0,0.0,0.0,0.0,0.0,0.3732394366197183,0.0,59.605633802816904,0.02112676056338028,0.0,0.0,0.0,0.0,0.0,0.0,0.0,0.0,0.0,0.0,0.0,0.0
0.0,0.0,0.0,0.0,0.0,0.3732394366197183,0.0,59.605633802816904,0.02112676056338028,0.0,0.0,0.0,0.0,0.0,0.0,0.0,0.0,0.0,0.0,0.0,0.0
0.0,0.0,0.0,0.0,0.0,0.3732394366197183,0.0,59.605633802816904,0.02112676056338028,0.0,0.0,0.0,0.0,0.0,0.0,0.0,0.0,0.0,0.0,0.0,0.0
0.0,0.0,0.0,0.0,0.0,0.3732394366197183,0.0,59.605633802816904,0.02112676056338028,0.0,0.0,0.0,0.0,0.0,0.0,0.0,0.0,0.0,0.0,0.0,0.0
0.0,0.0,0.0,0.0,0.0,0.3732394366197183,0.0,59.605633802816904,0.02112676056338028,0.0,0.0,0.0,0.0,0.0,0.0,0.0,0.0,0.0,0.0,0.0,0.0
0.0,0.0,0.0,0.0,0.0,0.3732394366197183,0.0,59.605633802816904,0.02112676056338028,0.0,0.0,0.0,0.0,0.0,0.0,0.0,0.0,0.0,0.0,0.0,0.0
0.0,0.0,0.0,0.0,0.0,0.3732394366197183,0.0,59.605633802816904,0.02112676056338028,0.0,0.0,0.0,0.0,0.0,0.0,0.0,0.0,0.0,0.0,0.0,0.0
0.0,0.0,0.0,0.0,0.0,0.3732394366197183,0.0,59.605633802816904,0.02112676056338028,0.0,0.0,0.0,0.0,0.0,0.0,0.0,0.0,0.0,0.0,0.0,0.0
0.0,0.0,0.0,0.0,0.0,0.3732394366197183,0.0,59.605633802816904,0.02112676056338028,0.0,0.0,0.0,0.0,0.0,0.0,0.0,0.0,0.0,0.0,0.0,0.0
0.0,0.0,0.0,0.0,0.0,0.3732394366197183,0.0,59.605633802816904,0.02112676056338028,0.0,0.0,0.0,0.0,0.0,0.0,0.0,0.0,0.0,0.0,0.0,0.0
0.0,0.0,0.0,0.0,0.0,0.3732394366197183,0.0,59.605633802816904,0.02112676056338028,0.0,0.0,0.0,0.0,0.0,0.0,0.0,0.0,0.0,0.0,0.0,0.0
0.0,0.0,0.0,0.0,0.0,0.3732394366197183,0.0,59.605633802816904,0.02112676056338028,0.0,0.0,0.0,0.0,0.0,0.0,0.0,0.0,0.0,0.0,0.0,0.0
0.0,0.0,0.0,0.0,0.0,0.3732394366197183,0.0,59.605633802816904,0.02112676056338028,0.0,0.0,0.0,0.0,0.0,0.0,0.0,0.0,0.0,0.0,0.0,0.0
0.0,0.0,0.0,0.0,0.0,0.3732394366197183,0.0,59.605633802816904,0.02112676056338028,0.0,0.0,0.0,0.0,0.0,0.0,0.0,0.0,0.0,0.0,0.0,0.0
0.0,0.0,0.0,0.0,0.0,0.3732394366197183,0.0,59.605633802816904,0.02112676056338028,0.0,0.0,0.0,0.0,0.0,0.0,0.0,0.0,0.0,0.0,0.0,0.0
0.0,0.0,0.0,0.0,0.0,0.3732394366197183,0.0,59.605633802816904,0.02112676056338028,0.0,0.0,0.0,0.0,0.0,0.0,0.0,0.0,0.0,0.0,0.0,0.0
0.0,0.0,0.0,0.0,0.0,0.3732394366197183,0.0,59.605633802816904,0.02112676056338028,0.0,0.0,0.0,0.0,0.0,0.0,0.0,0.0,0.0,0.0,0.0,0.0
0.0,0.0,0.0,0.0,0.0,0.3732394366197183,0.0,59.605633802816904,0.02112676056338028,0.0,0.0,0.0,0.0,0.0,0.0,0.0,0.0,0.0,0.0,0.0,0.0
0.0,0.0,0.0,0.0,0.0,0.3732394366197183,0.0,59.605633802816904,0.02112676056338028,0.0,0.0,0.0,0.0,0.0,0.0,0.0,0.0,0.0,0.0,0.0,0.0
0.0,0.0,0.0,0.0,0.0,0.3732394366197183,0.0,59.605633802816904,0.02112676056338028,0.0,0.0,0.0,0.0,0.0,0.0,0.0,0.0,0.0,0.0,0.0,0.0
0.0,0.0,0.0,0.0,0.0,0.3732394366197183,0.0,59.605633802816904,0.02112676056338028,0.0,0.0,0.0,0.0,0.0,0.0,0.0,0.0,0.0,0.0,0.0,0.0
0.0,0.0,0.0,0.0,0.0,0.3732394366197183,0.0,59.605633802816904,0.02112676056338028,0.0,0.0,0.0,0.0,0.0,0.0,0.0,0.0,0.0,0.0,0.0,0.0
0.0,0.0,0.0,0.0,0.0,0.3732394366197183,0.0,59.605633802816904,0.02112676056338028,0.0,0.0,0.0,0.0,0.0,0.0,0.0,0.0,0.0,0.0,0.0,0.0
0.0,0.0,0.0,0.0,0.0,0.3732394366197183,0.0,59.605633802816904,0.02112676056338028,0.0,0.0,0.0,0.0,0.0,0.0,0.0,0.0,0.0,0.0,0.0,0.0
0.0,0.0,0.0,0.0,0.0,0.3732394366197183,0.0,59.605633802816904,0.02112676056338028,0.0,0.0,0.0,0.0,0.0,0.0,0.0,0.0,0.0,0.0,0.0,0.0
0.0,0.0,0.0,0.0,0.0,0.3732394366197183,0.0,59.605633802816904,0.02112676056338028,0.0,0.0,0.0,0.0,0.0,0.0,0.0,0.0,0.0,0.0,0.0,0.0
0.0,0.0,0.0,0.0,0.0,0.3732394366197183,0.0,59.605633802816904,0.02112676056338028,0.0,0.0,0.0,0.0,0.0,0.0,0.0,0.0,0.0,0.0,0.0,0.0
0.0,0.0,0.0,0.0,0.0,0.3732394366197183,0.0,59.605633802816904,0.02112676056338028,0.0,0.0,0.0,0.0,0.0,0.0,0.0,0.0,0.0,0.0,0.0,0.0
0.0,0.0,0.0,0.0,0.0,0.3732394366197183,0.0,59.605633802816904,0.02112676056338028,0.0,0.0,0.0,0.0,0.0,0.0,0.0,0.0,0.0,0.0,0.0,0.0
0.0,0.0,0.0,0.0,0.0,0.3732394366197183,0.0,59.605633802816904,0.02112676056338028,0.0,0.0,0.0,0.0,0.0,0.0,0.0,0.0,0.0,0.0,0.0,0.0
0.0,0.0,0.0,0.0,0.0,0.3732394366197183,0.0,59.605633802816904,0.02112676056338028,0.0,0.0,0.0,0.0,0.0,0.0,0.0,0.0,0.0,0.0,0.0,0.0
0.0,0.0,0.0,0.0,0.0,0.3732394366197183,0.0,59.605633802816904,0.02112676056338028,0.0,0.0,0.0,0.0,0.0,0.0,0.0,0.0,0.0,0.0,0.0,0.0
0.0,0.0,0.0,0.0,0.0,0.3732394366197183,0.0,59.605633802816904,0.02112676056338028,0.0,0.0,0.0,0.0,0.0,0.0,0.0,0.0,0.0,0.0,0.0,0.0
0.0,0.0,0.0,0.0,0.0,0.3732394366197183,0.0,59.605633802816904,0.02112676056338028,0.0,0.0,0.0,0.0,0.0,0.0,0.0,0.0,0.0,0.0,0.0,0.0
0.0,0.0,0.0,0.0,0.0,0.3732394366197183,0.0,59.605633802816904,0.02112676056338028,0.0,0.0,0.0,0.0,0.0,0.0,0.0,0.0,0.0,0.0,0.0,0.0
0.0,0.0,0.0,0.0,0.0,0.3732394366197183,0.0,59.605633802816904,0.02112676056338028,0.0,0.0,0.0,0.0,0.0,0.0,0.0,0.0,0.0,0.0,0.0,0.0
0.0,0.0,0.0,0.0,0.0,0.3732394366197183,0.0,59.605633802816904,0.02112676056338028,0.0,0.0,0.0,0.0,0.0,0.0,0.0,0.0,0.0,0.0,0.0,0.0
0.0,0.0,0.0,0.0,0.0,0.3732394366197183,0.0,59.605633802816904,0.02112676056338028,0.0,0.0,0.0,0.0,0.0,0.0,0.0,0.0,0.0,0.0,0.0,0.0
0.0,0.0,0.0,0.0,0.0,0.3732394366197183,0.0,59.605633802816904,0.02112676056338028,0.0,0.0,0.0,0.0,0.0,0.0,0.0,0.0,0.0,0.0,0.0,0.0
0.0,0.0,0.0,0.0,0.0,0.3732394366197183,0.0,59.605633802816904,0.02112676056338028,0.0,0.0,0.0,0.0,0.0,0.0,0.0,0.0,0.0,0.0,0.0,0.0
0.0,0.0,0.0,0.0,0.0,0.3732394366197183,0.0,59.605633802816904,0.02112676056338028,0.0,0.0,0.0,0.0,0.0,0.0,0.0,0.0,0.0,0.0,0.0,0.0
0.0,0.0,0.0,0.0,0.0,0.3732394366197183,0.0,59.605633802816904,0.02112676056338028,0.0,0.0,0.0,0.0,0.0,0.0,0.0,0.0,0.0,0.0,0.0,0.0
0.0,0.0,0.0,0.0,0.0,0.3732394366197183,0.0,59.605633802816904,0.02112676056338028,0.0,0.0,0.0,0.0,0.0,0.0,0.0,0.0,0.0,0.0,0.0,0.0
0.0,0.0,0.0,0.0,0.0,0.3732394366197183,0.0,59.605633802816904,0.02112676056338028,0.0,0.0,0.0,0.0,0.0,0.0,0.0,0.0,0.0,0.0,0.0,0.0
0.0,0.0,0.0,0.0,0.0,0.3732394366197183,0.0,59.605633802816904,0.02112676056338028,0.0,0.0,0.0,0.0,0.0,0.0,0.0,0.0,0.0,0.0,0.0,0.0
0.0,0.0,0.0,0.0,0.0,0.3732394366197183,0.0,59.605633802816904,0.02112676056338028,0.0,0.0,0.0,0.0,0.0,0.0,0.0,0.0,0.0,0.0,0.0,0.0
0.0,0.0,0.0,0.0,0.0,0.3732394366197183,0.0,59.605633802816904,0.02112676056338028,0.0,0.0,0.0,0.0,0.0,0.0,0.0,0.0,0.0,0.0,0.0,0.0
0.0,0.0,0.0,0.0,0.0,0.3732394366197183,0.0,59.605633802816904,0.02112676056338028,0.0,0.0,0.0,0.0,0.0,0.0,0.0,0.0,0.0,0.0,0.0,0.0
0.0,0.0,0.0,0.0,0.0,0.3732394366197183,0.0,59.605633802816904,0.02112676056338028,0.0,0.0,0.0,0.0,0.0,0.0,0.0,0.0,0.0,0.0,0.0,0.0
0.0,0.0,0.0,0.0,0.0,0.3732394366197183,0.0,59.605633802816904,0.02112676056338028,0.0,0.0,0.0,0.0,0.0,0.0,0.0,0.0,0.0,0.0,0.0,0.0
0.0,0.0,0.0,0.0,0.0,0.3732394366197183,0.0,59.605633802816904,0.02112676056338028,0.0,0.0,0.0,0.0,0.0,0.0,0.0,0.0,0.0,0.0,0.0,0.0
0.0,0.0,0.0,0.0,0.0,0.3732394366197183,0.0,59.605633802816904,0.02112676056338028,0.0,0.0,0.0,0.0,0.0,0.0,0.0,0.0,0.0,0.0,0.0,0.0
0.0,0.0,0.0,0.0,0.0,0.3732394366197183,0.0,59.605633802816904,0.02112676056338028,0.0,0.0,0.0,0.0,0.0,0.0,0.0,0.0,0.0,0.0,0.0,0.0
0.0,0.0,0.0,0.0,0.0,0.3732394366197183,0.0,59.605633802816904,0.02112676056338028,0.0,0.0,0.0,0.0,0.0,0.0,0.0,0.0,0.0,0.0,0.0,0.0
0.0,0.0,0.0,0.0,0.0,0.3732394366197183,0.0,59.605633802816904,0.02112676056338028,0.0,0.0,0.0,0.0,0.0,0.0,0.0,0.0,0.0,0.0,0.0,0.0
0.0,0.0,0.0,0.0,0.0,0.3732394366197183,0.0,59.605633802816904,0.02112676056338028,0.0,0.0,0.0,0.0,0.0,0.0,0.0,0.0,0.0,0.0,0.0,0.0
0.0,0.0,0.0,0.0,0.0,0.3732394366197183,0.0,59.605633802816904,0.02112676056338028,0.0,0.0,0.0,0.0,0.0,0.0,0.0,0.0,0.0,0.0,0.0,0.0
0.0,0.0,0.0,0.0,0.0,0.3732394366197183,0.0,59.605633802816904,0.02112676056338028,0.0,0.0,0.0,0.0,0.0,0.0,0.0,0.0,0.0,0.0,0.0,0.0
0.0,0.0,0.0,0.0,0.0,0.3732394366197183,0.0,59.605633802816904,0.02112676056338028,0.0,0.0,0.0,0.0,0.0,0.0,0.0,0.0,0.0,0.0,0.0,0.0
0.0,0.0,0.0,0.0,0.0,0.3732394366197183,0.0,59.605633802816904,0.02112676056338028,0.0,0.0,0.0,0.0,0.0,0.0,0.0,0.0,0.0,0.0,0.0,0.0
0.0,0.0,0.0,0.0,0.0,0.3732394366197183,0.0,59.605633802816904,0.02112676056338028,0.0,0.0,0.0,0.0,0.0,0.0,0.0,0.0,0.0,0.0,0.0,0.0
0.0,0.0,0.0,0.0,0.0,0.3732394366197183,0.0,59.605633802816904,0.02112676056338028,0.0,0.0,0.0,0.0,0.0,0.0,0.0,0.0,0.0,0.0,0.0,0.0
0.0,0.0,0.0,0.0,0.0,0.3732394366197183,0.0,59.605633802816904,0.02112676056338028,0.0,0.0,0.0,0.0,0.0,0.0,0.0,0.0,0.0,0.0,0.0,0.0
0.0,0.0,0.0,0.0,0.0,0.3732394366197183,0.0,59.605633802816904,0.02112676056338028,0.0,0.0,0.0,0.0,0.0,0.0,0.0,0.0,0.0,0.0,0.0,0.0
0.0,0.0,0.0,0.0,0.0,0.3732394366197183,0.0,59.605633802816904,0.02112676056338028,0.0,0.0,0.0,0.0,0.0,0.0,0.0,0.0,0.0,0.0,0.0,0.0
0.0,0.0,0.0,0.0,0.0,0.3732394366197183,0.0,59.605633802816904,0.02112676056338028,0.0,0.0,0.0,0.0,0.0,0.0,0.0,0.0,0.0,0.0,0.0,0.0
0.0,0.0,0.0,0.0,0.0,0.3732394366197183,0.0,59.605633802816904,0.02112676056338028,0.0,0.0,0.0,0.0,0.0,0.0,0.0,0.0,0.0,0.0,0.0,0.0
0.0,0.0,0.0,0.0,0.0,0.3732394366197183,0.0,59.605633802816904,0.02112676056338028,0.0,0.0,0.0,0.0,0.0,0.0,0.0,0.0,0.0,0.0,0.0,0.0
0.0,0.0,0.0,0.0,0.0,0.3732394366197183,0.0,59.605633802816904,0.02112676056338028,0.0,0.0,0.0,0.0,0.0,0.0,0.0,0.0,0.0,0.0,0.0,0.0
0.0,0.0,0.0,0.0,0.0,0.3732394366197183,0.0,59.605633802816904,0.02112676056338028,0.0,0.0,0.0,0.0,0.0,0.0,0.0,0.0,0.0,0.0,0.0,0.0
0.0,0.0,0.0,0.0,0.0,0.3732394366197183,0.0,59.605633802816904,0.02112676056338028,0.0,0.0,0.0,0.0,0.0,0.0,0.0,0.0,0.0,0.0,0.0,0.0
0.0,0.0,0.0,0.0,0.0,0.3732394366197183,0.0,59.605633802816904,0.02112676056338028,0.0,0.0,0.0,0.0,0.0,0.0,0.0,0.0,0.0,0.0,0.0,0.0
0.0,0.0,0.0,0.0,0.0,0.3732394366197183,0.0,59.605633802816904,0.02112676056338028,0.0,0.0,0.0,0.0,0.0,0.0,0.0,0.0,0.0,0.0,0.0,0.0
0.0,0.0,0.0,0.0,0.0,0.3732394366197183,0.0,59.605633802816904,0.02112676056338028,0.0,0.0,0.0,0.0,0.0,0.0,0.0,0.0,0.0,0.0,0.0,0.0
0.0,0.0,0.0,0.0,0.0,0.3732394366197183,0.0,59.605633802816904,0.02112676056338028,0.0,0.0,0.0,0.0,0.0,0.0,0.0,0.0,0.0,0.0,0.0,0.0
0.0,0.0,0.0,0.0,0.0,0.3732394366197183,0.0,59.605633802816904,0.02112676056338028,0.0,0.0,0.0,0.0,0.0,0.0,0.0,0.0,0.0,0.0,0.0,0.0
0.0,0.0,0.0,0.0,0.0,0.3732394366197183,0.0,59.605633802816904,0.02112676056338028,0.0,0.0,0.0,0.0,0.0,0.0,0.0,0.0,0.0,0.0,0.0,0.0
0.0,0.0,0.0,0.0,0.0,0.3732394366197183,0.0,59.605633802816904,0.02112676056338028,0.0,0.0,0.0,0.0,0.0,0.0,0.0,0.0,0.0,0.0,0.0,0.0
0.0,0.0,0.0,0.0,0.0,0.3732394366197183,0.0,59.605633802816904,0.02112676056338028,0.0,0.0,0.0,0.0,0.0,0.0,0.0,0.0,0.0,0.0,0.0,0.0
0.0,0.0,0.0,0.0,0.0,0.3732394366197183,0.0,59.605633802816904,0.02112676056338028,0.0,0.0,0.0,0.0,0.0,0.0,0.0,0.0,0.0,0.0,0.0,0.0
0.0,0.0,0.0,0.0,0.0,0.3732394366197183,0.0,59.605633802816904,0.02112676056338028,0.0,0.0,0.0,0.0,0.0,0.0,0.0,0.0,0.0,0.0,0.0,0.0
0.0,0.0,0.0,0.0,0.0,0.3732394366197183,0.0,59.605633802816904,0.02112676056338028,0.0,0.0,0.0,0.0,0.0,0.0,0.0,0.0,0.0,0.0,0.0,0.0
0.0,0.0,0.0,0.0,0.0,0.3732394366197183,0.0,59.605633802816904,0.02112676056338028,0.0,0.0,0.0,0.0,0.0,0.0,0.0,0.0,0.0,0.0,0.0,0.0
0.0,0.0,0.0,0.0,0.0,0.3732394366197183,0.0,59.605633802816904,0.02112676056338028,0.0,0.0,0.0,0.0,0.0,0.0,0.0,0.0,0.0,0.0,0.0,0.0
0.0,0.0,0.0,0.0,0.0,0.3732394366197183,0.0,59.605633802816904,0.02112676056338028,0.0,0.0,0.0,0.0,0.0,0.0,0.0,0.0,0.0,0.0,0.0,0.0
0.0,0.0,0.0,0.0,0.0,0.3732394366197183,0.0,59.605633802816904,0.02112676056338028,0.0,0.0,0.0,0.0,0.0,0.0,0.0,0.0,0.0,0.0,0.0,0.0
0.0,0.0,0.0,0.0,0.0,0.3732394366197183,0.0,59.605633802816904,0.02112676056338028,0.0,0.0,0.0,0.0,0.0,0.0,0.0,0.0,0.0,0.0,0.0,0.0
0.0,0.0,0.0,0.0,0.0,0.3732394366197183,0.0,59.605633802816904,0.02112676056338028,0.0,0.0,0.0,0.0,0.0,0.0,0.0,0.0,0.0,0.0,0.0,0.0
0.0,0.0,0.0,0.0,0.0,0.3732394366197183,0.0,59.605633802816904,0.02112676056338028,0.0,0.0,0.0,0.0,0.0,0.0,0.0,0.0,0.0,0.0,0.0,0.0
0.0,0.0,0.0,0.0,0.6666666666666666,9.833333333333334,0.0,36.0,4.666666666666667,1.3333333333333333,1.8333333333333333,0.8333333333333334,0.8333333333333334,1.0,2.0,0.0,0.16666666666666666,0.0,0.0,0.16666666666666666,0.6666666666666666
0.0,0.0,0.0,0.0,0.6666666666666666,9.833333333333334,0.0,36.0,4.666666666666667,1.3333333333333333,1.8333333333333333,0.8333333333333334,0.8333333333333334,1.0,2.0,0.0,0.16666666666666666,0.0,0.0,0.16666666666666666,0.6666666666666666
0.0,0.0,0.0,0.0,0.6666666666666666,9.833333333333334,0.0,36.0,4.666666666666667,1.3333333333333333,1.8333333333333333,0.8333333333333334,0.8333333333333334,1.0,2.0,0.0,0.16666666666666666,0.0,0.0,0.16666666666666666,0.6666666666666666
0.0,0.0,0.0,0.0,0.0,6.0,0.0,12.0,1.0,10.0,7.5,6.5,4.5,2.0,8.5,1.0,1.0,0.0,0.0,0.0,0.0
0.0,0.0,0.0,0.0,0.0,6.0,0.0,12.0,1.0,10.0,7.5,6.5,4.5,2.0,8.5,1.0,1.0,0.0,0.0,0.0,0.0
0.0,0.0,0.0,0.08771929824561403,0.0,0.07017543859649122,0.0,0.0,0.017543859649122806,14.298245614035087,1.543859649122807,10.070175438596491,6.684210526315789,1.0175438596491229,22.63157894736842,2.43859649122807,1.1403508771929824,0.0,0.0,0.0,0.0
0.0,0.0,0.0,0.08771929824561403,0.0,0.07017543859649122,0.0,0.0,0.017543859649122806,14.298245614035087,1.543859649122807,10.070175438596491,6.684210526315789,1.0175438596491229,22.63157894736842,2.43859649122807,1.1403508771929824,0.0,0.0,0.0,0.0
0.0,0.0,0.0,0.08771929824561403,0.0,0.07017543859649122,0.0,0.0,0.017543859649122806,14.298245614035087,1.543859649122807,10.070175438596491,6.684210526315789,1.0175438596491229,22.63157894736842,2.43859649122807,1.1403508771929824,0.0,0.0,0.0,0.0
0.0,0.0,0.0,0.08771929824561403,0.0,0.07017543859649122,0.0,0.0,0.017543859649122806,14.298245614035087,1.543859649122807,10.070175438596491,6.684210526315789,1.0175438596491229,22.63157894736842,2.43859649122807,1.1403508771929824,0.0,0.0,0.0,0.0
0.0,0.0,0.0,0.08771929824561403,0.0,0.07017543859649122,0.0,0.0,0.017543859649122806,14.298245614035087,1.543859649122807,10.070175438596491,6.684210526315789,1.0175438596491229,22.63157894736842,2.43859649122807,1.1403508771929824,0.0,0.0,0.0,0.0
0.0,0.0,0.0,0.08771929824561403,0.0,0.07017543859649122,0.0,0.0,0.017543859649122806,14.298245614035087,1.543859649122807,10.070175438596491,6.684210526315789,1.0175438596491229,22.63157894736842,2.43859649122807,1.1403508771929824,0.0,0.0,0.0,0.0
0.0,0.0,0.0,0.08771929824561403,0.0,0.07017543859649122,0.0,0.0,0.017543859649122806,14.298245614035087,1.543859649122807,10.070175438596491,6.684210526315789,1.0175438596491229,22.63157894736842,2.43859649122807,1.1403508771929824,0.0,0.0,0.0,0.0
0.0,0.0,0.0,0.08771929824561403,0.0,0.07017543859649122,0.0,0.0,0.017543859649122806,14.298245614035087,1.543859649122807,10.070175438596491,6.684210526315789,1.0175438596491229,22.63157894736842,2.43859649122807,1.1403508771929824,0.0,0.0,0.0,0.0
0.0,0.0,0.0,0.08771929824561403,0.0,0.07017543859649122,0.0,0.0,0.017543859649122806,14.298245614035087,1.543859649122807,10.070175438596491,6.684210526315789,1.0175438596491229,22.63157894736842,2.43859649122807,1.1403508771929824,0.0,0.0,0.0,0.0
0.0,0.0,0.0,0.08771929824561403,0.0,0.07017543859649122,0.0,0.0,0.017543859649122806,14.298245614035087,1.543859649122807,10.070175438596491,6.684210526315789,1.0175438596491229,22.63157894736842,2.43859649122807,1.1403508771929824,0.0,0.0,0.0,0.0
0.0,0.0,0.0,0.08771929824561403,0.0,0.07017543859649122,0.0,0.0,0.017543859649122806,14.298245614035087,1.543859649122807,10.070175438596491,6.684210526315789,1.0175438596491229,22.63157894736842,2.43859649122807,1.1403508771929824,0.0,0.0,0.0,0.0
0.0,0.0,0.0,0.08771929824561403,0.0,0.07017543859649122,0.0,0.0,0.017543859649122806,14.298245614035087,1.543859649122807,10.070175438596491,6.684210526315789,1.0175438596491229,22.63157894736842,2.43859649122807,1.1403508771929824,0.0,0.0,0.0,0.0
0.0,0.0,0.0,0.08771929824561403,0.0,0.07017543859649122,0.0,0.0,0.017543859649122806,14.298245614035087,1.543859649122807,10.070175438596491,6.684210526315789,1.0175438596491229,22.63157894736842,2.43859649122807,1.1403508771929824,0.0,0.0,0.0,0.0
0.0,0.0,0.0,0.08771929824561403,0.0,0.07017543859649122,0.0,0.0,0.017543859649122806,14.298245614035087,1.543859649122807,10.070175438596491,6.684210526315789,1.0175438596491229,22.63157894736842,2.43859649122807,1.1403508771929824,0.0,0.0,0.0,0.0
0.0,0.0,0.0,0.08771929824561403,0.0,0.07017543859649122,0.0,0.0,0.017543859649122806,14.298245614035087,1.543859649122807,10.070175438596491,6.684210526315789,1.0175438596491229,22.63157894736842,2.43859649122807,1.1403508771929824,0.0,0.0,0.0,0.0
0.0,0.0,0.0,0.08771929824561403,0.0,0.07017543859649122,0.0,0.0,0.017543859649122806,14.298245614035087,1.543859649122807,10.070175438596491,6.684210526315789,1.0175438596491229,22.63157894736842,2.43859649122807,1.1403508771929824,0.0,0.0,0.0,0.0
0.0,0.0,0.0,0.08771929824561403,0.0,0.07017543859649122,0.0,0.0,0.017543859649122806,14.298245614035087,1.543859649122807,10.070175438596491,6.684210526315789,1.0175438596491229,22.63157894736842,2.43859649122807,1.1403508771929824,0.0,0.0,0.0,0.0
0.0,0.0,0.0,0.08771929824561403,0.0,0.07017543859649122,0.0,0.0,0.017543859649122806,14.298245614035087,1.543859649122807,10.070175438596491,6.684210526315789,1.0175438596491229,22.63157894736842,2.43859649122807,1.1403508771929824,0.0,0.0,0.0,0.0
0.0,0.0,0.0,0.08771929824561403,0.0,0.07017543859649122,0.0,0.0,0.017543859649122806,14.298245614035087,1.543859649122807,10.070175438596491,6.684210526315789,1.0175438596491229,22.63157894736842,2.43859649122807,1.1403508771929824,0.0,0.0,0.0,0.0
0.0,0.0,0.0,0.08771929824561403,0.0,0.07017543859649122,0.0,0.0,0.017543859649122806,14.298245614035087,1.543859649122807,10.070175438596491,6.684210526315789,1.0175438596491229,22.63157894736842,2.43859649122807,1.1403508771929824,0.0,0.0,0.0,0.0
0.0,0.0,0.0,0.08771929824561403,0.0,0.07017543859649122,0.0,0.0,0.017543859649122806,14.298245614035087,1.543859649122807,10.070175438596491,6.684210526315789,1.0175438596491229,22.63157894736842,2.43859649122807,1.1403508771929824,0.0,0.0,0.0,0.0
0.0,0.0,0.0,0.08771929824561403,0.0,0.07017543859649122,0.0,0.0,0.017543859649122806,14.298245614035087,1.543859649122807,10.070175438596491,6.684210526315789,1.0175438596491229,22.63157894736842,2.43859649122807,1.1403508771929824,0.0,0.0,0.0,0.0
0.0,0.0,0.0,0.08771929824561403,0.0,0.07017543859649122,0.0,0.0,0.017543859649122806,14.298245614035087,1.543859649122807,10.070175438596491,6.684210526315789,1.0175438596491229,22.63157894736842,2.43859649122807,1.1403508771929824,0.0,0.0,0.0,0.0
0.0,0.0,0.0,0.08771929824561403,0.0,0.07017543859649122,0.0,0.0,0.017543859649122806,14.298245614035087,1.543859649122807,10.070175438596491,6.684210526315789,1.0175438596491229,22.63157894736842,2.43859649122807,1.1403508771929824,0.0,0.0,0.0,0.0
0.0,0.0,0.0,0.08771929824561403,0.0,0.07017543859649122,0.0,0.0,0.017543859649122806,14.298245614035087,1.543859649122807,10.070175438596491,6.684210526315789,1.0175438596491229,22.63157894736842,2.43859649122807,1.1403508771929824,0.0,0.0,0.0,0.0
0.0,0.0,0.0,0.08771929824561403,0.0,0.07017543859649122,0.0,0.0,0.017543859649122806,14.298245614035087,1.543859649122807,10.070175438596491,6.684210526315789,1.0175438596491229,22.63157894736842,2.43859649122807,1.1403508771929824,0.0,0.0,0.0,0.0
0.0,0.0,0.0,0.08771929824561403,0.0,0.07017543859649122,0.0,0.0,0.017543859649122806,14.298245614035087,1.543859649122807,10.070175438596491,6.684210526315789,1.0175438596491229,22.63157894736842,2.43859649122807,1.1403508771929824,0.0,0.0,0.0,0.0
0.0,0.0,0.0,0.08771929824561403,0.0,0.07017543859649122,0.0,0.0,0.017543859649122806,14.298245614035087,1.543859649122807,10.070175438596491,6.684210526315789,1.0175438596491229,22.63157894736842,2.43859649122807,1.1403508771929824,0.0,0.0,0.0,0.0
0.0,0.0,0.0,0.08771929824561403,0.0,0.07017543859649122,0.0,0.0,0.017543859649122806,14.298245614035087,1.543859649122807,10.070175438596491,6.684210526315789,1.0175438596491229,22.63157894736842,2.43859649122807,1.1403508771929824,0.0,0.0,0.0,0.0
0.0,0.0,0.0,0.08771929824561403,0.0,0.07017543859649122,0.0,0.0,0.017543859649122806,14.298245614035087,1.543859649122807,10.070175438596491,6.684210526315789,1.0175438596491229,22.63157894736842,2.43859649122807,1.1403508771929824,0.0,0.0,0.0,0.0
0.0,0.0,0.0,0.08771929824561403,0.0,0.07017543859649122,0.0,0.0,0.017543859649122806,14.298245614035087,1.543859649122807,10.070175438596491,6.684210526315789,1.0175438596491229,22.63157894736842,2.43859649122807,1.1403508771929824,0.0,0.0,0.0,0.0
0.0,0.0,0.0,0.08771929824561403,0.0,0.07017543859649122,0.0,0.0,0.017543859649122806,14.298245614035087,1.543859649122807,10.070175438596491,6.684210526315789,1.0175438596491229,22.63157894736842,2.43859649122807,1.1403508771929824,0.0,0.0,0.0,0.0
0.0,0.0,0.0,0.08771929824561403,0.0,0.07017543859649122,0.0,0.0,0.017543859649122806,14.298245614035087,1.543859649122807,10.070175438596491,6.684210526315789,1.0175438596491229,22.63157894736842,2.43859649122807,1.1403508771929824,0.0,0.0,0.0,0.0
0.0,0.0,0.0,0.08771929824561403,0.0,0.07017543859649122,0.0,0.0,0.017543859649122806,14.298245614035087,1.543859649122807,10.070175438596491,6.684210526315789,1.0175438596491229,22.63157894736842,2.43859649122807,1.1403508771929824,0.0,0.0,0.0,0.0
0.0,0.0,0.0,0.08771929824561403,0.0,0.07017543859649122,0.0,0.0,0.017543859649122806,14.298245614035087,1.543859649122807,10.070175438596491,6.684210526315789,1.0175438596491229,22.63157894736842,2.43859649122807,1.1403508771929824,0.0,0.0,0.0,0.0
0.0,0.0,0.0,0.08771929824561403,0.0,0.07017543859649122,0.0,0.0,0.017543859649122806,14.298245614035087,1.543859649122807,10.070175438596491,6.684210526315789,1.0175438596491229,22.63157894736842,2.43859649122807,1.1403508771929824,0.0,0.0,0.0,0.0
0.0,0.0,0.0,0.08771929824561403,0.0,0.07017543859649122,0.0,0.0,0.017543859649122806,14.298245614035087,1.543859649122807,10.070175438596491,6.684210526315789,1.0175438596491229,22.63157894736842,2.43859649122807,1.1403508771929824,0.0,0.0,0.0,0.0
0.0,0.0,0.0,0.08771929824561403,0.0,0.07017543859649122,0.0,0.0,0.017543859649122806,14.298245614035087,1.543859649122807,10.070175438596491,6.684210526315789,1.0175438596491229,22.63157894736842,2.43859649122807,1.1403508771929824,0.0,0.0,0.0,0.0
0.0,0.0,0.0,0.08771929824561403,0.0,0.07017543859649122,0.0,0.0,0.017543859649122806,14.298245614035087,1.543859649122807,10.070175438596491,6.684210526315789,1.0175438596491229,22.63157894736842,2.43859649122807,1.1403508771929824,0.0,0.0,0.0,0.0
0.0,0.0,0.0,0.08771929824561403,0.0,0.07017543859649122,0.0,0.0,0.017543859649122806,14.298245614035087,1.543859649122807,10.070175438596491,6.684210526315789,1.0175438596491229,22.63157894736842,2.43859649122807,1.1403508771929824,0.0,0.0,0.0,0.0
0.0,0.0,0.0,0.08771929824561403,0.0,0.07017543859649122,0.0,0.0,0.017543859649122806,14.298245614035087,1.543859649122807,10.070175438596491,6.684210526315789,1.0175438596491229,22.63157894736842,2.43859649122807,1.1403508771929824,0.0,0.0,0.0,0.0
0.0,0.0,0.0,0.08771929824561403,0.0,0.07017543859649122,0.0,0.0,0.017543859649122806,14.298245614035087,1.543859649122807,10.070175438596491,6.684210526315789,1.0175438596491229,22.63157894736842,2.43859649122807,1.1403508771929824,0.0,0.0,0.0,0.0
0.0,0.0,0.0,0.08771929824561403,0.0,0.07017543859649122,0.0,0.0,0.017543859649122806,14.298245614035087,1.543859649122807,10.070175438596491,6.684210526315789,1.0175438596491229,22.63157894736842,2.43859649122807,1.1403508771929824,0.0,0.0,0.0,0.0
0.0,0.0,0.0,0.08771929824561403,0.0,0.07017543859649122,0.0,0.0,0.017543859649122806,14.298245614035087,1.543859649122807,10.070175438596491,6.684210526315789,1.0175438596491229,22.63157894736842,2.43859649122807,1.1403508771929824,0.0,0.0,0.0,0.0
0.0,0.0,0.0,0.08771929824561403,0.0,0.07017543859649122,0.0,0.0,0.017543859649122806,14.298245614035087,1.543859649122807,10.070175438596491,6.684210526315789,1.0175438596491229,22.63157894736842,2.43859649122807,1.1403508771929824,0.0,0.0,0.0,0.0
0.0,0.0,0.0,0.08771929824561403,0.0,0.07017543859649122,0.0,0.0,0.017543859649122806,14.298245614035087,1.543859649122807,10.070175438596491,6.684210526315789,1.0175438596491229,22.63157894736842,2.43859649122807,1.1403508771929824,0.0,0.0,0.0,0.0
0.0,0.0,0.0,0.08771929824561403,0.0,0.07017543859649122,0.0,0.0,0.017543859649122806,14.298245614035087,1.543859649122807,10.070175438596491,6.684210526315789,1.0175438596491229,22.63157894736842,2.43859649122807,1.1403508771929824,0.0,0.0,0.0,0.0
0.0,0.0,0.0,0.08771929824561403,0.0,0.07017543859649122,0.0,0.0,0.017543859649122806,14.298245614035087,1.543859649122807,10.070175438596491,6.684210526315789,1.0175438596491229,22.63157894736842,2.43859649122807,1.1403508771929824,0.0,0.0,0.0,0.0
0.0,0.0,0.0,0.08771929824561403,0.0,0.07017543859649122,0.0,0.0,0.017543859649122806,14.298245614035087,1.543859649122807,10.070175438596491,6.684210526315789,1.0175438596491229,22.63157894736842,2.43859649122807,1.1403508771929824,0.0,0.0,0.0,0.0
0.0,0.0,0.0,0.08771929824561403,0.0,0.07017543859649122,0.0,0.0,0.017543859649122806,14.298245614035087,1.543859649122807,10.070175438596491,6.684210526315789,1.0175438596491229,22.63157894736842,2.43859649122807,1.1403508771929824,0.0,0.0,0.0,0.0
0.0,0.0,0.0,0.08771929824561403,0.0,0.07017543859649122,0.0,0.0,0.017543859649122806,14.298245614035087,1.543859649122807,10.070175438596491,6.684210526315789,1.0175438596491229,22.63157894736842,2.43859649122807,1.1403508771929824,0.0,0.0,0.0,0.0
0.0,0.0,0.0,0.08771929824561403,0.0,0.07017543859649122,0.0,0.0,0.017543859649122806,14.298245614035087,1.543859649122807,10.070175438596491,6.684210526315789,1.0175438596491229,22.63157894736842,2.43859649122807,1.1403508771929824,0.0,0.0,0.0,0.0
0.0,0.0,0.0,0.08771929824561403,0.0,0.07017543859649122,0.0,0.0,0.017543859649122806,14.298245614035087,1.543859649122807,10.070175438596491,6.684210526315789,1.0175438596491229,22.63157894736842,2.43859649122807,1.1403508771929824,0.0,0.0,0.0,0.0
0.0,0.0,0.0,0.08771929824561403,0.0,0.07017543859649122,0.0,0.0,0.017543859649122806,14.298245614035087,1.543859649122807,10.070175438596491,6.684210526315789,1.0175438596491229,22.63157894736842,2.43859649122807,1.1403508771929824,0.0,0.0,0.0,0.0
0.0,0.0,0.0,0.08771929824561403,0.0,0.07017543859649122,0.0,0.0,0.017543859649122806,14.298245614035087,1.543859649122807,10.070175438596491,6.684210526315789,1.0175438596491229,22.63157894736842,2.43859649122807,1.1403508771929824,0.0,0.0,0.0,0.0
0.0,0.0,0.0,0.08771929824561403,0.0,0.07017543859649122,0.0,0.0,0.017543859649122806,14.298245614035087,1.543859649122807,10.070175438596491,6.684210526315789,1.0175438596491229,22.63157894736842,2.43859649122807,1.1403508771929824,0.0,0.0,0.0,0.0
0.0,0.0,0.0,0.08771929824561403,0.0,0.07017543859649122,0.0,0.0,0.017543859649122806,14.298245614035087,1.543859649122807,10.070175438596491,6.684210526315789,1.0175438596491229,22.63157894736842,2.43859649122807,1.1403508771929824,0.0,0.0,0.0,0.0
0.0,0.0,0.0,30.0,0.0,0.0,0.0,0.0,1.0,6.5,0.0,2.0,1.75,2.25,14.75,0.75,1.0,0.0,0.0,0.0,0.0
0.0,0.0,0.0,30.0,0.0,0.0,0.0,0.0,1.0,6.5,0.0,2.0,1.75,2.25,14.75,0.75,1.0,0.0,0.0,0.0,0.0
0.0,0.0,0.0,30.0,0.0,0.0,0.0,0.0,1.0,6.5,0.0,2.0,1.75,2.25,14.75,0.75,1.0,0.0,0.0,0.0,0.0
0.0,0.0,0.0,30.0,0.0,0.0,0.0,0.0,1.0,6.5,0.0,2.0,1.75,2.25,14.75,0.75,1.0,0.0,0.0,0.0,0.0
1.3623188405797102,2.6956521739130435,0.0,55.82608695652174,0.0,0.0,0.0,0.0,0.057971014492753624,0.014492753623188406,0.0,0.0,0.0,0.014492753623188406,0.028985507246376812,0.0,0.0,0.0,0.0,0.0,0.0
1.3623188405797102,2.6956521739130435,0.0,55.82608695652174,0.0,0.0,0.0,0.0,0.057971014492753624,0.014492753623188406,0.0,0.0,0.0,0.014492753623188406,0.028985507246376812,0.0,0.0,0.0,0.0,0.0,0.0
1.3623188405797102,2.6956521739130435,0.0,55.82608695652174,0.0,0.0,0.0,0.0,0.057971014492753624,0.014492753623188406,0.0,0.0,0.0,0.014492753623188406,0.028985507246376812,0.0,0.0,0.0,0.0,0.0,0.0
1.3623188405797102,2.6956521739130435,0.0,55.82608695652174,0.0,0.0,0.0,0.0,0.057971014492753624,0.014492753623188406,0.0,0.0,0.0,0.014492753623188406,0.028985507246376812,0.0,0.0,0.0,0.0,0.0,0.0
1.3623188405797102,2.6956521739130435,0.0,55.82608695652174,0.0,0.0,0.0,0.0,0.057971014492753624,0.014492753623188406,0.0,0.0,0.0,0.014492753623188406,0.028985507246376812,0.0,0.0,0.0,0.0,0.0,0.0
1.3623188405797102,2.6956521739130435,0.0,55.82608695652174,0.0,0.0,0.0,0.0,0.057971014492753624,0.014492753623188406,0.0,0.0,0.0,0.014492753623188406,0.028985507246376812,0.0,0.0,0.0,0.0,0.0,0.0
1.3623188405797102,2.6956521739130435,0.0,55.82608695652174,0.0,0.0,0.0,0.0,0.057971014492753624,0.014492753623188406,0.0,0.0,0.0,0.014492753623188406,0.028985507246376812,0.0,0.0,0.0,0.0,0.0,0.0
1.3623188405797102,2.6956521739130435,0.0,55.82608695652174,0.0,0.0,0.0,0.0,0.057971014492753624,0.014492753623188406,0.0,0.0,0.0,0.014492753623188406,0.028985507246376812,0.0,0.0,0.0,0.0,0.0,0.0
1.3623188405797102,2.6956521739130435,0.0,55.82608695652174,0.0,0.0,0.0,0.0,0.057971014492753624,0.014492753623188406,0.0,0.0,0.0,0.014492753623188406,0.028985507246376812,0.0,0.0,0.0,0.0,0.0,0.0
1.3623188405797102,2.6956521739130435,0.0,55.82608695652174,0.0,0.0,0.0,0.0,0.057971014492753624,0.014492753623188406,0.0,0.0,0.0,0.014492753623188406,0.028985507246376812,0.0,0.0,0.0,0.0,0.0,0.0
1.3623188405797102,2.6956521739130435,0.0,55.82608695652174,0.0,0.0,0.0,0.0,0.057971014492753624,0.014492753623188406,0.0,0.0,0.0,0.014492753623188406,0.028985507246376812,0.0,0.0,0.0,0.0,0.0,0.0
1.3623188405797102,2.6956521739130435,0.0,55.82608695652174,0.0,0.0,0.0,0.0,0.057971014492753624,0.014492753623188406,0.0,0.0,0.0,0.014492753623188406,0.028985507246376812,0.0,0.0,0.0,0.0,0.0,0.0
1.3623188405797102,2.6956521739130435,0.0,55.82608695652174,0.0,0.0,0.0,0.0,0.057971014492753624,0.014492753623188406,0.0,0.0,0.0,0.014492753623188406,0.028985507246376812,0.0,0.0,0.0,0.0,0.0,0.0
1.3623188405797102,2.6956521739130435,0.0,55.82608695652174,0.0,0.0,0.0,0.0,0.057971014492753624,0.014492753623188406,0.0,0.0,0.0,0.014492753623188406,0.028985507246376812,0.0,0.0,0.0,0.0,0.0,0.0
1.3623188405797102,2.6956521739130435,0.0,55.82608695652174,0.0,0.0,0.0,0.0,0.057971014492753624,0.014492753623188406,0.0,0.0,0.0,0.014492753623188406,0.028985507246376812,0.0,0.0,0.0,0.0,0.0,0.0
1.3623188405797102,2.6956521739130435,0.0,55.82608695652174,0.0,0.0,0.0,0.0,0.057971014492753624,0.014492753623188406,0.0,0.0,0.0,0.014492753623188406,0.028985507246376812,0.0,0.0,0.0,0.0,0.0,0.0
1.3623188405797102,2.6956521739130435,0.0,55.82608695652174,0.0,0.0,0.0,0.0,0.057971014492753624,0.014492753623188406,0.0,0.0,0.0,0.014492753623188406,0.028985507246376812,0.0,0.0,0.0,0.0,0.0,0.0
1.3623188405797102,2.6956521739130435,0.0,55.82608695652174,0.0,0.0,0.0,0.0,0.057971014492753624,0.014492753623188406,0.0,0.0,0.0,0.014492753623188406,0.028985507246376812,0.0,0.0,0.0,0.0,0.0,0.0
1.3623188405797102,2.6956521739130435,0.0,55.82608695652174,0.0,0.0,0.0,0.0,0.057971014492753624,0.014492753623188406,0.0,0.0,0.0,0.014492753623188406,0.028985507246376812,0.0,0.0,0.0,0.0,0.0,0.0
1.3623188405797102,2.6956521739130435,0.0,55.82608695652174,0.0,0.0,0.0,0.0,0.057971014492753624,0.014492753623188406,0.0,0.0,0.0,0.014492753623188406,0.028985507246376812,0.0,0.0,0.0,0.0,0.0,0.0
1.3623188405797102,2.6956521739130435,0.0,55.82608695652174,0.0,0.0,0.0,0.0,0.057971014492753624,0.014492753623188406,0.0,0.0,0.0,0.014492753623188406,0.028985507246376812,0.0,0.0,0.0,0.0,0.0,0.0
1.3623188405797102,2.6956521739130435,0.0,55.82608695652174,0.0,0.0,0.0,0.0,0.057971014492753624,0.014492753623188406,0.0,0.0,0.0,0.014492753623188406,0.028985507246376812,0.0,0.0,0.0,0.0,0.0,0.0
1.3623188405797102,2.6956521739130435,0.0,55.82608695652174,0.0,0.0,0.0,0.0,0.057971014492753624,0.014492753623188406,0.0,0.0,0.0,0.014492753623188406,0.028985507246376812,0.0,0.0,0.0,0.0,0.0,0.0
1.3623188405797102,2.6956521739130435,0.0,55.82608695652174,0.0,0.0,0.0,0.0,0.057971014492753624,0.014492753623188406,0.0,0.0,0.0,0.014492753623188406,0.028985507246376812,0.0,0.0,0.0,0.0,0.0,0.0
1.3623188405797102,2.6956521739130435,0.0,55.82608695652174,0.0,0.0,0.0,0.0,0.057971014492753624,0.014492753623188406,0.0,0.0,0.0,0.014492753623188406,0.028985507246376812,0.0,0.0,0.0,0.0,0.0,0.0
1.3623188405797102,2.6956521739130435,0.0,55.82608695652174,0.0,0.0,0.0,0.0,0.057971014492753624,0.014492753623188406,0.0,0.0,0.0,0.014492753623188406,0.028985507246376812,0.0,0.0,0.0,0.0,0.0,0.0
1.3623188405797102,2.6956521739130435,0.0,55.82608695652174,0.0,0.0,0.0,0.0,0.057971014492753624,0.014492753623188406,0.0,0.0,0.0,0.014492753623188406,0.028985507246376812,0.0,0.0,0.0,0.0,0.0,0.0
1.3623188405797102,2.6956521739130435,0.0,55.82608695652174,0.0,0.0,0.0,0.0,0.057971014492753624,0.014492753623188406,0.0,0.0,0.0,0.014492753623188406,0.028985507246376812,0.0,0.0,0.0,0.0,0.0,0.0
1.3623188405797102,2.6956521739130435,0.0,55.82608695652174,0.0,0.0,0.0,0.0,0.057971014492753624,0.014492753623188406,0.0,0.0,0.0,0.014492753623188406,0.028985507246376812,0.0,0.0,0.0,0.0,0.0,0.0
1.3623188405797102,2.6956521739130435,0.0,55.82608695652174,0.0,0.0,0.0,0.0,0.057971014492753624,0.014492753623188406,0.0,0.0,0.0,0.014492753623188406,0.028985507246376812,0.0,0.0,0.0,0.0,0.0,0.0
1.3623188405797102,2.6956521739130435,0.0,55.82608695652174,0.0,0.0,0.0,0.0,0.057971014492753624,0.014492753623188406,0.0,0.0,0.0,0.014492753623188406,0.028985507246376812,0.0,0.0,0.0,0.0,0.0,0.0
1.3623188405797102,2.6956521739130435,0.0,55.82608695652174,0.0,0.0,0.0,0.0,0.057971014492753624,0.014492753623188406,0.0,0.0,0.0,0.014492753623188406,0.028985507246376812,0.0,0.0,0.0,0.0,0.0,0.0
1.3623188405797102,2.6956521739130435,0.0,55.82608695652174,0.0,0.0,0.0,0.0,0.057971014492753624,0.014492753623188406,0.0,0.0,0.0,0.014492753623188406,0.028985507246376812,0.0,0.0,0.0,0.0,0.0,0.0
1.3623188405797102,2.6956521739130435,0.0,55.82608695652174,0.0,0.0,0.0,0.0,0.057971014492753624,0.014492753623188406,0.0,0.0,0.0,0.014492753623188406,0.028985507246376812,0.0,0.0,0.0,0.0,0.0,0.0
1.3623188405797102,2.6956521739130435,0.0,55.82608695652174,0.0,0.0,0.0,0.0,0.057971014492753624,0.014492753623188406,0.0,0.0,0.0,0.014492753623188406,0.028985507246376812,0.0,0.0,0.0,0.0,0.0,0.0
1.3623188405797102,2.6956521739130435,0.0,55.82608695652174,0.0,0.0,0.0,0.0,0.057971014492753624,0.014492753623188406,0.0,0.0,0.0,0.014492753623188406,0.028985507246376812,0.0,0.0,0.0,0.0,0.0,0.0
1.3623188405797102,2.6956521739130435,0.0,55.82608695652174,0.0,0.0,0.0,0.0,0.057971014492753624,0.014492753623188406,0.0,0.0,0.0,0.014492753623188406,0.028985507246376812,0.0,0.0,0.0,0.0,0.0,0.0
1.3623188405797102,2.6956521739130435,0.0,55.82608695652174,0.0,0.0,0.0,0.0,0.057971014492753624,0.014492753623188406,0.0,0.0,0.0,0.014492753623188406,0.028985507246376812,0.0,0.0,0.0,0.0,0.0,0.0
1.3623188405797102,2.6956521739130435,0.0,55.82608695652174,0.0,0.0,0.0,0.0,0.057971014492753624,0.014492753623188406,0.0,0.0,0.0,0.014492753623188406,0.028985507246376812,0.0,0.0,0.0,0.0,0.0,0.0
1.3623188405797102,2.6956521739130435,0.0,55.82608695652174,0.0,0.0,0.0,0.0,0.057971014492753624,0.014492753623188406,0.0,0.0,0.0,0.014492753623188406,0.028985507246376812,0.0,0.0,0.0,0.0,0.0,0.0
1.3623188405797102,2.6956521739130435,0.0,55.82608695652174,0.0,0.0,0.0,0.0,0.057971014492753624,0.014492753623188406,0.0,0.0,0.0,0.014492753623188406,0.028985507246376812,0.0,0.0,0.0,0.0,0.0,0.0
1.3623188405797102,2.6956521739130435,0.0,55.82608695652174,0.0,0.0,0.0,0.0,0.057971014492753624,0.014492753623188406,0.0,0.0,0.0,0.014492753623188406,0.028985507246376812,0.0,0.0,0.0,0.0,0.0,0.0
1.3623188405797102,2.6956521739130435,0.0,55.82608695652174,0.0,0.0,0.0,0.0,0.057971014492753624,0.014492753623188406,0.0,0.0,0.0,0.014492753623188406,0.028985507246376812,0.0,0.0,0.0,0.0,0.0,0.0
26.475,14.125,0.075,17.525,0.1,0.025,0.675,0.0,0.15,0.0,0.0,0.0,0.0,0.0,0.0,0.0,0.0,0.175,0.125,0.45,0.1
0.13636363636363635,58.59090909090909,0.0,1.2272727272727273,0.0,0.0,0.0,0.0,0.045454545454545456,0.0,0.0,0.0,0.0,0.0,0.0,0.0,0.0,0.0,0.0,0.0,0.0
0.13636363636363635,58.59090909090909,0.0,1.2272727272727273,0.0,0.0,0.0,0.0,0.045454545454545456,0.0,0.0,0.0,0.0,0.0,0.0,0.0,0.0,0.0,0.0,0.0,0.0
0.13636363636363635,58.59090909090909,0.0,1.2272727272727273,0.0,0.0,0.0,0.0,0.045454545454545456,0.0,0.0,0.0,0.0,0.0,0.0,0.0,0.0,0.0,0.0,0.0,0.0
0.13636363636363635,58.59090909090909,0.0,1.2272727272727273,0.0,0.0,0.0,0.0,0.045454545454545456,0.0,0.0,0.0,0.0,0.0,0.0,0.0,0.0,0.0,0.0,0.0,0.0
0.13636363636363635,58.59090909090909,0.0,1.2272727272727273,0.0,0.0,0.0,0.0,0.045454545454545456,0.0,0.0,0.0,0.0,0.0,0.0,0.0,0.0,0.0,0.0,0.0,0.0
0.13636363636363635,58.59090909090909,0.0,1.2272727272727273,0.0,0.0,0.0,0.0,0.045454545454545456,0.0,0.0,0.0,0.0,0.0,0.0,0.0,0.0,0.0,0.0,0.0,0.0
0.13636363636363635,58.59090909090909,0.0,1.2272727272727273,0.0,0.0,0.0,0.0,0.045454545454545456,0.0,0.0,0.0,0.0,0.0,0.0,0.0,0.0,0.0,0.0,0.0,0.0
0.13636363636363635,58.59090909090909,0.0,1.2272727272727273,0.0,0.0,0.0,0.0,0.045454545454545456,0.0,0.0,0.0,0.0,0.0,0.0,0.0,0.0,0.0,0.0,0.0,0.0
0.13636363636363635,58.59090909090909,0.0,1.2272727272727273,0.0,0.0,0.0,0.0,0.045454545454545456,0.0,0.0,0.0,0.0,0.0,0.0,0.0,0.0,0.0,0.0,0.0,0.0
0.13636363636363635,58.59090909090909,0.0,1.2272727272727273,0.0,0.0,0.0,0.0,0.045454545454545456,0.0,0.0,0.0,0.0,0.0,0.0,0.0,0.0,0.0,0.0,0.0,0.0
0.13636363636363635,58.59090909090909,0.0,1.2272727272727273,0.0,0.0,0.0,0.0,0.045454545454545456,0.0,0.0,0.0,0.0,0.0,0.0,0.0,0.0,0.0,0.0,0.0,0.0
0.13636363636363635,58.59090909090909,0.0,1.2272727272727273,0.0,0.0,0.0,0.0,0.045454545454545456,0.0,0.0,0.0,0.0,0.0,0.0,0.0,0.0,0.0,0.0,0.0,0.0
0.13636363636363635,58.59090909090909,0.0,1.2272727272727273,0.0,0.0,0.0,0.0,0.045454545454545456,0.0,0.0,0.0,0.0,0.0,0.0,0.0,0.0,0.0,0.0,0.0,0.0
0.13636363636363635,58.59090909090909,0.0,1.2272727272727273,0.0,0.0,0.0,0.0,0.045454545454545456,0.0,0.0,0.0,0.0,0.0,0.0,0.0,0.0,0.0,0.0,0.0,0.0
0.13636363636363635,58.59090909090909,0.0,1.2272727272727273,0.0,0.0,0.0,0.0,0.045454545454545456,0.0,0.0,0.0,0.0,0.0,0.0,0.0,0.0,0.0,0.0,0.0,0.0
0.13636363636363635,58.59090909090909,0.0,1.2272727272727273,0.0,0.0,0.0,0.0,0.045454545454545456,0.0,0.0,0.0,0.0,0.0,0.0,0.0,0.0,0.0,0.0,0.0,0.0
0.13636363636363635,58.59090909090909,0.0,1.2272727272727273,0.0,0.0,0.0,0.0,0.045454545454545456,0.0,0.0,0.0,0.0,0.0,0.0,0.0,0.0,0.0,0.0,0.0,0.0
0.13636363636363635,58.59090909090909,0.0,1.2272727272727273,0.0,0.0,0.0,0.0,0.045454545454545456,0.0,0.0,0.0,0.0,0.0,0.0,0.0,0.0,0.0,0.0,0.0,0.0
0.13636363636363635,58.59090909090909,0.0,1.2272727272727273,0.0,0.0,0.0,0.0,0.045454545454545456,0.0,0.0,0.0,0.0,0.0,0.0,0.0,0.0,0.0,0.0,0.0,0.0
0.13636363636363635,58.59090909090909,0.0,1.2272727272727273,0.0,0.0,0.0,0.0,0.045454545454545456,0.0,0.0,0.0,0.0,0.0,0.0,0.0,0.0,0.0,0.0,0.0,0.0
0.13636363636363635,58.59090909090909,0.0,1.2272727272727273,0.0,0.0,0.0,0.0,0.045454545454545456,0.0,0.0,0.0,0.0,0.0,0.0,0.0,0.0,0.0,0.0,0.0,0.0
0.13636363636363635,58.59090909090909,0.0,1.2272727272727273,0.0,0.0,0.0,0.0,0.045454545454545456,0.0,0.0,0.0,0.0,0.0,0.0,0.0,0.0,0.0,0.0,0.0,0.0
0.13636363636363635,58.59090909090909,0.0,1.2272727272727273,0.0,0.0,0.0,0.0,0.045454545454545456,0.0,0.0,0.0,0.0,0.0,0.0,0.0,0.0,0.0,0.0,0.0,0.0
0.13636363636363635,58.59090909090909,0.0,1.2272727272727273,0.0,0.0,0.0,0.0,0.045454545454545456,0.0,0.0,0.0,0.0,0.0,0.0,0.0,0.0,0.0,0.0,0.0,0.0
0.13636363636363635,58.59090909090909,0.0,1.2272727272727273,0.0,0.0,0.0,0.0,0.045454545454545456,0.0,0.0,0.0,0.0,0.0,0.0,0.0,0.0,0.0,0.0,0.0,0.0
0.13636363636363635,58.59090909090909,0.0,1.2272727272727273,0.0,0.0,0.0,0.0,0.045454545454545456,0.0,0.0,0.0,0.0,0.0,0.0,0.0,0.0,0.0,0.0,0.0,0.0
0.13636363636363635,58.59090909090909,0.0,1.2272727272727273,0.0,0.0,0.0,0.0,0.045454545454545456,0.0,0.0,0.0,0.0,0.0,0.0,0.0,0.0,0.0,0.0,0.0,0.0
0.13636363636363635,58.59090909090909,0.0,1.2272727272727273,0.0,0.0,0.0,0.0,0.045454545454545456,0.0,0.0,0.0,0.0,0.0,0.0,0.0,0.0,0.0,0.0,0.0,0.0
0.13636363636363635,58.59090909090909,0.0,1.2272727272727273,0.0,0.0,0.0,0.0,0.045454545454545456,0.0,0.0,0.0,0.0,0.0,0.0,0.0,0.0,0.0,0.0,0.0,0.0
0.13636363636363635,58.59090909090909,0.0,1.2272727272727273,0.0,0.0,0.0,0.0,0.045454545454545456,0.0,0.0,0.0,0.0,0.0,0.0,0.0,0.0,0.0,0.0,0.0,0.0
0.13636363636363635,58.59090909090909,0.0,1.2272727272727273,0.0,0.0,0.0,0.0,0.045454545454545456,0.0,0.0,0.0,0.0,0.0,0.0,0.0,0.0,0.0,0.0,0.0,0.0
0.13636363636363635,58.59090909090909,0.0,1.2272727272727273,0.0,0.0,0.0,0.0,0.045454545454545456,0.0,0.0,0.0,0.0,0.0,0.0,0.0,0.0,0.0,0.0,0.0,0.0
0.13636363636363635,58.59090909090909,0.0,1.2272727272727273,0.0,0.0,0.0,0.0,0.045454545454545456,0.0,0.0,0.0,0.0,0.0,0.0,0.0,0.0,0.0,0.0,0.0,0.0
0.13636363636363635,58.59090909090909,0.0,1.2272727272727273,0.0,0.0,0.0,0.0,0.045454545454545456,0.0,0.0,0.0,0.0,0.0,0.0,0.0,0.0,0.0,0.0,0.0,0.0
0.13636363636363635,58.59090909090909,0.0,1.2272727272727273,0.0,0.0,0.0,0.0,0.045454545454545456,0.0,0.0,0.0,0.0,0.0,0.0,0.0,0.0,0.0,0.0,0.0,0.0
0.13636363636363635,58.59090909090909,0.0,1.2272727272727273,0.0,0.0,0.0,0.0,0.045454545454545456,0.0,0.0,0.0,0.0,0.0,0.0,0.0,0.0,0.0,0.0,0.0,0.0
0.13636363636363635,58.59090909090909,0.0,1.2272727272727273,0.0,0.0,0.0,0.0,0.045454545454545456,0.0,0.0,0.0,0.0,0.0,0.0,0.0,0.0,0.0,0.0,0.0,0.0
0.13636363636363635,58.59090909090909,0.0,1.2272727272727273,0.0,0.0,0.0,0.0,0.045454545454545456,0.0,0.0,0.0,0.0,0.0,0.0,0.0,0.0,0.0,0.0,0.0,0.0
0.13636363636363635,58.59090909090909,0.0,1.2272727272727273,0.0,0.0,0.0,0.0,0.045454545454545456,0.0,0.0,0.0,0.0,0.0,0.0,0.0,0.0,0.0,0.0,0.0,0.0
0.13636363636363635,58.59090909090909,0.0,1.2272727272727273,0.0,0.0,0.0,0.0,0.045454545454545456,0.0,0.0,0.0,0.0,0.0,0.0,0.0,0.0,0.0,0.0,0.0,0.0
0.13636363636363635,58.59090909090909,0.0,1.2272727272727273,0.0,0.0,0.0,0.0,0.045454545454545456,0.0,0.0,0.0,0.0,0.0,0.0,0.0,0.0,0.0,0.0,0.0,0.0
0.13636363636363635,58.59090909090909,0.0,1.2272727272727273,0.0,0.0,0.0,0.0,0.045454545454545456,0.0,0.0,0.0,0.0,0.0,0.0,0.0,0.0,0.0,0.0,0.0,0.0
