Play Pad	Exercise	Read	Sweep
			-0.00932
			-0.20012774
			0.259870203
			-0.135206065
			0.06761377
			0.043628714
			-0.034897419
			0.143749974
			-0.062624811
			0.076322234
			-0.065271865
			0.008985623
			-0.021626973
			0.107647811
			-0.071406707
			0.031884474
			0.187472853
			-0.22363626
			-0.120145922
			0.141980608
			-0.191765147
			0.013453289
			-0.103216013
			0.17040577
			0.066276623
			0.079152757
			-0.029637312
			0.058643311
			-0.150324714
			0.055759324
			0.174773571
			-0.196998703
			0.112551461
			0.04025924
			-0.105226792
			-0.036196676
			0.035965221
			-0.075225203
			0.202616811
			0.102374312
			-0.095546584
			-0.160771973
			-0.053512532
			0.146998054
			-0.019327117
			-0.080960324
			0.008515442
			0.072083297
			0.090397026
			-0.032720054
			-0.128498532
			0.019872041
			0.113749273
			0.044357459
			-0.020272545
			-0.138620662
			0.029033519
			-0.065195857
			-0.062220581
			-0.004982416
