0,0,1,0,59,0,WatchTV
0,0,0,0,60,0,WatchTV
0,0,0,0,60,0,WatchTV
0,0,0,0,60,0,WatchTV
0,0,0,0,60,0,WatchTV
0,0,0,0,60,0,WatchTV
0,0,0,0,60,0,WatchTV
0,0,0,0,60,0,WatchTV
0,0,0,0,60,0,WatchTV
0,0,0,0,60,0,WatchTV
0,0,4,0,56,0,WatchTV
0,0,4,0,56,0,WatchTV
0,0,4,0,56,0,WatchTV
0,0,0,0,60,0,WatchTV
0,0,0,0,60,0,WatchTV
0,0,3,0,57,0,WatchTV
0,0,7,0,52,1,WatchTV
0,0,7,0,52,1,WatchTV
0,0,4,0,55,1,PlayPad
0,0,0,0,60,0,PlayPad
0,0,0,0,60,0,PlayPad
0,0,0,0,60,0,PlayPad
0,0,0,0,60,0,PlayPad
0,0,0,0,60,0,PlayPad
0,0,0,0,60,0,PlayPad
0,0,0,0,60,0,PlayPad
0,0,0,0,60,0,PlayPad
0,0,0,0,60,0,PlayPad
0,0,18,0,41,1,PlayPad
0,0,35,0,21,4,Walk
0,0,55,0,1,4,Walk
0,0,57,0,0,3,Walk
0,0,60,0,0,0,Walk
0,0,59,0,0,1,Walk
0,0,58,0,0,2,Walk
0,0,57,0,0,3,Walk
0,0,57,0,0,3,Walk
0,0,58,0,0,2,Walk
0,0,57,0,0,3,Walk
0,0,57,0,0,3,Walk
0,0,54,0,1,5,Walk
0,0,56,0,1,3,Walk
0,0,55,0,1,4,Walk
0,0,52,0,1,7,Walk
0,0,33,0,20,7,Walk
0,0,15,0,40,5,Read
0,0,1,0,59,0,Read
0,0,0,0,60,0,Read
0,0,0,0,60,0,Read
0,0,0,0,60,0,Read
0,0,0,0,60,0,Read
0,0,0,0,60,0,Read
0,0,0,1,59,0,Read
0,0,0,1,59,0,Read
0,0,0,2,58,0,Read
0,0,0,2,58,0,Read
0,0,0,2,58,0,Read
0,0,0,1,59,0,Read
0,0,0,3,57,0,Read
0,0,0,3,57,0,Read
0,0,0,3,57,0,Read
0,0,0,0,60,0,Read
0,0,0,0,60,0,Read
0,0,0,1,59,0,Read
0,0,0,1,59,0,Read
0,0,0,1,59,0,Read
0,0,0,0,60,0,Read
0,0,1,9,50,0,Read
0,0,13,16,31,0,Read
0,0,33,16,11,0,Sweep
0,0,52,7,1,0,Sweep
0,0,59,0,0,1,Sweep
0,0,56,0,0,4,Sweep
0,0,54,0,0,6,Sweep
0,0,50,0,0,10,Sweep
0,0,50,0,0,10,Sweep
0,0,50,0,0,10,Sweep
0,0,55,0,0,5,Sweep
0,0,57,0,0,3,Sweep
0,0,56,0,0,4,Sweep
0,0,52,0,0,8,Sweep
1,0,51,0,0,8,Sweep
1,0,53,0,0,6,Sweep
1,0,50,0,1,8,Sweep
0,0,49,0,1,10,Sweep
0,0,39,0,1,20,Sweep
0,0,31,0,0,29,Sleep
0,0,34,0,0,26,Sleep
0,0,45,0,0,15,Sleep
0,0,55,0,0,5,Sleep
0,0,55,0,0,5,Sleep
0,0,53,0,0,7,Sleep
0,0,58,0,0,2,Sleep
0,0,58,0,0,2,Sleep
0,0,59,0,0,1,Sleep
0,0,59,0,0,1,Sleep
0,0,59,0,0,1,Sleep
0,0,60,0,0,0,Sleep
0,0,60,0,0,0,Sleep
0,0,60,0,0,0,Sleep
0,0,60,0,0,0,Sleep
0,0,60,0,0,0,Sleep
0,0,60,0,0,0,Sleep
0,0,60,0,0,0,Sleep
0,0,60,0,0,0,Sleep
0,0,60,0,0,0,Sleep
0,0,60,0,0,0,Sleep
0,0,60,0,0,0,Sleep
0,0,60,0,0,0,Sleep
0,0,60,0,0,0,Sleep
0,0,60,0,0,0,Sleep
0,0,60,0,0,0,Sleep
0,0,60,0,0,0,Sleep
0,0,60,0,0,0,Sleep
0,0,60,0,0,0,Sleep
0,0,60,0,0,0,Sleep
0,0,60,0,0,0,Sleep
0,0,60,0,0,0,Sleep
0,0,60,0,0,0,Sleep
0,0,60,0,0,0,Sleep
0,0,60,0,0,0,Sleep
0,0,60,0,0,0,Sleep
0,0,60,0,0,0,Sleep
0,0,60,0,0,0,Sleep
0,0,60,0,0,0,Sleep
0,0,60,0,0,0,Sleep
0,0,60,0,0,0,Sleep
0,0,60,0,0,0,Sleep
0,0,60,0,0,0,Sleep
0,0,60,0,0,0,Sleep
0,0,60,0,0,0,Sleep
0,0,60,0,0,0,Sleep
0,0,60,0,0,0,Sleep
0,0,60,0,0,0,Sleep
0,0,60,0,0,0,Sleep
0,0,60,0,0,0,Sleep
0,0,60,0,0,0,Sleep
0,0,60,0,0,0,Sleep
0,0,60,0,0,0,Sleep
0,0,60,0,0,0,Sleep
0,0,60,0,0,0,Sleep
0,0,60,0,0,0,Sleep
0,0,60,0,0,0,Sleep
0,0,60,0,0,0,Sleep
0,0,60,0,0,0,Sleep
0,0,60,0,0,0,Sleep
0,0,60,0,0,0,Sleep
0,0,60,0,0,0,Sleep
0,0,60,0,0,0,Sleep
0,0,60,0,0,0,Sleep
0,0,60,0,0,0,Sleep
0,0,60,0,0,0,Sleep
0,0,60,0,0,0,Sleep
0,0,60,0,0,0,Sleep
0,0,60,0,0,0,Sleep
0,0,60,0,0,0,Sleep
0,0,60,0,0,0,Sleep
0,0,60,0,0,0,Sleep
0,0,60,0,0,0,Sleep
0,0,57,0,0,3,Sleep
0,0,44,1,2,13,Sleep
0,2,35,1,5,17,Exercise
0,6,25,3,6,20,Exercise
0,8,26,2,8,16,Exercise
0,9,23,2,7,19,Exercise
0,10,26,0,10,14,Exercise
0,13,25,0,9,13,Exercise
0,13,26,0,11,10,Exercise
0,13,23,0,12,12,Exercise
0,12,24,0,14,10,Exercise
0,13,26,0,14,7,Exercise
0,12,30,0,12,6,Exercise
0,14,31,0,10,5,Exercise
0,13,32,0,9,6,Exercise
0,13,30,0,11,6,Exercise
0,11,30,0,12,7,Exercise
0,11,30,0,12,7,Exercise
0,11,29,1,12,7,Exercise
0,11,32,1,11,5,Exercise
0,12,31,1,12,4,Exercise
0,10,33,0,13,4,Exercise
0,9,30,0,14,7,Exercise
0,9,28,0,15,8,Exercise
0,10,28,0,13,9,Exercise
0,10,28,0,15,7,Exercise
0,8,33,0,13,6,Exercise
0,8,34,0,14,4,Exercise
0,9,35,0,11,5,Exercise
0,9,32,0,12,7,Exercise
0,9,33,0,11,7,Exercise
0,8,31,0,15,6,Exercise
0,6,20,0,31,3,Exercise
0,3,8,0,47,2,Read
0,0,0,0,60,0,Read
0,0,0,0,60,0,Read
0,0,0,0,60,0,Read
0,0,0,0,60,0,Read
0,0,0,0,60,0,Read
0,0,0,0,60,0,Read
0,0,0,1,59,0,Read
0,0,0,1,59,0,Read
0,0,0,1,59,0,Read
0,0,0,0,60,0,Read
0,0,0,0,60,0,Read
0,0,0,0,60,0,Read
0,0,0,0,60,0,Read
0,0,0,0,60,0,Read
0,0,0,0,60,0,Read
0,0,0,0,60,0,Read
0,0,0,0,60,0,Read
0,0,0,0,60,0,Read
0,0,0,0,60,0,Read
0,0,0,0,60,0,Read
0,0,0,0,59,1,Read
0,0,0,0,59,1,PlayPad
0,0,0,0,59,1,PlayPad
0,0,0,0,60,0,PlayPad
0,0,0,0,60,0,PlayPad
0,0,0,0,60,0,PlayPad
0,0,0,0,60,0,PlayPad
0,0,0,0,60,0,PlayPad
0,0,0,0,60,0,PlayPad
0,0,0,0,60,0,PlayPad
0,0,0,0,60,0,PlayPad
0,0,0,0,60,0,PlayPad
0,0,0,0,60,0,PlayPad
0,0,0,0,60,0,PlayPad
0,0,0,0,60,0,PlayPad
0,0,0,0,60,0,PlayPad
0,0,0,0,60,0,PlayPad
0,0,0,0,60,0,PlayPad
0,0,0,0,60,0,PlayPad
0,0,0,0,60,0,PlayPad
0,0,0,0,60,0,PlayPad
0,0,0,0,60,0,PlayPad
