-8.478766 -2.5802011 1.3823522 16.717516 80.74014
-8.603265 -1.996016 1.8516158 12.779227 77.853935
-8.586505 -1.9744682 2.9314008 12.277164 71.15028
-8.394969 -1.6584336 3.6281135 10.278341 66.627106
-7.923311 -1.2442367 2.6345196 8.47548 71.60792
-7.5689692 -2.0989666 1.5738883 15.189885 78.253334
-17.495329 -4.5434465 -2.0700867 14.461231 96.74799
-10.80593 -5.2856493 -0.5018845 26.040905 92.65921
-9.278429 -2.8794765 -2.275988 16.77309 103.782455
-9.0677395 -1.9529204 -1.0286089 12.0789795 96.47174
-8.512285 -2.1707928 -1.2584523 14.158953 98.40967
-8.612842 -2.6496332 -0.12120646 17.098267 90.80626
-8.495525 -2.5227404 0.33848026 16.526354 87.71842
-8.478766 -2.5802011 1.3823522 16.717516 T:21
-8.603265 -1.996016 1.8516158 12.779227 23
-8.586505 -1.9744682 2.9314008 12.277164 53
-8.394969 -1.6584336 3.6281135 10.278341 80.74014
-7.923311 -1.2442367 2.6345196 8.47548 77.853935
-7.5689692 -2.0989666 1.5738883 15.189885 71.15028
-17.495329 -4.5434465 -2.0700867 14.461231 66.627106
-10.80593 -5.2856493 -0.5018845 26.040905 71.60792
-9.278429 -2.8794765 -2.275988 16.77309 78.253334
-9.0677395 -1.9529204 -1.0286089 12.0789795 96.74799
-8.512285 -2.1707928 -1.2584523 14.158953 92.65921
-8.612842 -2.6496332 -0.12120646 17.098267 103.782455
-8.495525 -2.5227404 0.33848026 16.526354 96.47174
-9.220968 -1.7111061 0.084694885 10.512185 98.40967
-10.959159 -1.4788685 -0.99748427 7.654013 90.80626
-13.331813 -4.1053076 -1.7755998 16.974174 87.71842
-9.347861 -3.078195 0.26426002 18.21961 89.47375
-9.173084 -1.9026421 -2.0652983 11.4393635 95.20064
-8.114847 -2.4030304 -0.7460931 16.42994 97.5863
-7.9855604 -2.8124387 -0.5856816 19.353676 88.3807
-8.806771 -3.2888849 -0.14514847 20.475573 102.68844
-9.2425165 -2.2234652 -0.28161797 13.520525 95.2531
-12.32146 -2.4604912 -1.5170261 11.210456 94.19471
-9.527427 -4.6751275 0.5276222 26.102602 90.94424
-9.869798 -2.2833202 -2.7500398 12.563357 91.745255
-10.595241 -2.0726304 -2.881721 10.689478 97.018974
-9.220968 -1.7111061 0.084694885 10.512185 86.83024
-10.959159 -1.4788685 -0.99748427 7.654013 105.56953
-13.331813 -4.1053076 -1.7755998 16.974174 105.21539
-9.347861 -3.078195 0.26426002 18.21961 T:21
-9.173084 -1.9026421 -2.0652983 11.4393635 23
-8.114847 -2.4030304 -0.7460931 16.42994 54
-7.9855604 -2.8124387 -0.5856816 19.353676 89.47375
-8.806771 -3.2888849 -0.14514847 20.475573 95.20064
-9.2425165 -2.2234652 -0.28161797 13.520525 97.5863
-12.32146 -2.4604912 -1.5170261 11.210456 88.3807
-9.527427 -4.6751275 0.5276222 26.102602 102.68844
-9.869798 -2.2833202 -2.7500398 12.563357 95.2531
-10.595241 -2.0726304 -2.881721 10.689478 94.19471
-9.812336 -2.4748564 -2.0892403 13.857561 90.94424
-9.3143425 -1.5890018 -2.2807765 9.40853 91.745255
-8.517074 -1.3998598 -1.9000983 9.113501 97.018974
-8.895357 -1.7565958 -0.3199252 11.1636305 86.83024
-11.983877 -0.9258079 -1.1052234 4.3989854 105.56953
-9.259275 -3.3798647 2.390311 19.465324 105.21539
-10.391733 -2.9704561 1.4015058 15.816538 102.019905
-9.819519 -1.7278655 -0.28161797 9.975717 103.75912
-9.204209 -3.1141083 0.32650927 18.681557 102.57633
-9.163507 -5.496339 -0.07811083 30.954718 92.05978
-8.12203 -5.364658 -2.242469 32.484314 95.26925
-9.316736 -4.4811974 -3.1402948 24.502977 75.52495
-12.170625 -4.239383 -4.947917 17.883955 82.319016
-9.812336 -2.4748564 -2.0892403 13.857561 91.64276
-9.3143425 -1.5890018 -2.2807765 9.40853 87.968346
-8.517074 -1.3998598 -1.9000983 9.113501 90.48838
-8.895357 -1.7565958 -0.3199252 11.1636305 105.43467
-11.983877 -0.9258079 -1.1052234 4.3989854 108.62688
-9.259275 -3.3798647 2.390311 19.465324 112.12399
-10.391733 -2.9704561 1.4015058 15.816538 T:21
-9.819519 -1.7278655 -0.28161797 9.975717 23
-9.204209 -3.1141083 0.32650927 18.681557 55
-9.163507 -5.496339 -0.07811083 30.954718 102.019905
-8.12203 -5.364658 -2.242469 32.484314 103.75912
-9.316736 -4.4811974 -3.1402948 24.502977 102.57633
-12.170625 -4.239383 -4.947917 17.883955 92.05978
