3.8771929824561404,0.0,4.728070175438597,0.0,0.03508771929824561,0.0,0.0,0.0,0.0,0.0,0.0,0.0,0.0,0.0,0.0,0.0,0.3508771929824561,0.0,0.0,0.0,0.0,0.0,0.0,0.14035087719298245,0.0,0.0,0.0,0.0,0.0,0.0,0.0,0.0,0.0,0.0,0.0,0.0,10.008771929824562,0.0,0.0,0.0,0.0,0.0,0.0,0.0,0.008771929824561403,0.0,0.0,0.0,0.06140350877192982,0.0,0.0,0.0,0.0,0.7192982456140351,0.07017543859649122,0.0,1.0,0.0,0.0,0.0,1.0,1.0,0.0,0.0,0.0,0.0,0.0,0.0
3.8771929824561404,0.0,4.728070175438597,0.0,0.03508771929824561,0.0,0.0,0.0,0.0,0.0,0.0,0.0,0.0,0.0,0.0,0.0,0.3508771929824561,0.0,0.0,0.0,0.0,0.0,0.0,0.14035087719298245,0.0,0.0,0.0,0.0,0.0,0.0,0.0,0.0,0.0,0.0,0.0,0.0,10.008771929824562,0.0,0.0,0.0,0.0,0.0,0.0,0.0,0.008771929824561403,0.0,0.0,0.0,0.06140350877192982,0.0,0.0,0.0,0.0,0.7192982456140351,0.07017543859649122,0.0,1.0,0.0,0.0,0.0,1.0,1.0,0.0,0.0,0.0,0.0,0.0,0.0
3.8771929824561404,0.0,4.728070175438597,0.0,0.03508771929824561,0.0,0.0,0.0,0.0,0.0,0.0,0.0,0.0,0.0,0.0,0.0,0.3508771929824561,0.0,0.0,0.0,0.0,0.0,0.0,0.14035087719298245,0.0,0.0,0.0,0.0,0.0,0.0,0.0,0.0,0.0,0.0,0.0,0.0,10.008771929824562,0.0,0.0,0.0,0.0,0.0,0.0,0.0,0.008771929824561403,0.0,0.0,0.0,0.06140350877192982,0.0,0.0,0.0,0.0,0.7192982456140351,0.07017543859649122,0.0,0.0,1.0,0.0,0.0,0.0,0.0,0.0,0.0,1.0,0.0,0.0,1.0
3.8771929824561404,0.0,4.728070175438597,0.0,0.03508771929824561,0.0,0.0,0.0,0.0,0.0,0.0,0.0,0.0,0.0,0.0,0.0,0.3508771929824561,0.0,0.0,0.0,0.0,0.0,0.0,0.14035087719298245,0.0,0.0,0.0,0.0,0.0,0.0,0.0,0.0,0.0,0.0,0.0,0.0,10.008771929824562,0.0,0.0,0.0,0.0,0.0,0.0,0.0,0.008771929824561403,0.0,0.0,0.0,0.06140350877192982,0.0,0.0,0.0,0.0,0.7192982456140351,0.07017543859649122,0.0,0.0,1.0,0.0,0.0,0.0,0.0,0.0,0.0,1.0,0.0,0.0,1.0
3.8771929824561404,0.0,4.728070175438597,0.0,0.03508771929824561,0.0,0.0,0.0,0.0,0.0,0.0,0.0,0.0,0.0,0.0,0.0,0.3508771929824561,0.0,0.0,0.0,0.0,0.0,0.0,0.14035087719298245,0.0,0.0,0.0,0.0,0.0,0.0,0.0,0.0,0.0,0.0,0.0,0.0,10.008771929824562,0.0,0.0,0.0,0.0,0.0,0.0,0.0,0.008771929824561403,0.0,0.0,0.0,0.06140350877192982,0.0,0.0,0.0,0.0,0.7192982456140351,0.07017543859649122,0.0,0.0,1.0,0.0,0.0,0.0,0.0,0.0,0.0,1.0,0.0,0.0,1.0
3.8771929824561404,0.0,4.728070175438597,0.0,0.03508771929824561,0.0,0.0,0.0,0.0,0.0,0.0,0.0,0.0,0.0,0.0,0.0,0.3508771929824561,0.0,0.0,0.0,0.0,0.0,0.0,0.14035087719298245,0.0,0.0,0.0,0.0,0.0,0.0,0.0,0.0,0.0,0.0,0.0,0.0,10.008771929824562,0.0,0.0,0.0,0.0,0.0,0.0,0.0,0.008771929824561403,0.0,0.0,0.0,0.06140350877192982,0.0,0.0,0.0,0.0,0.7192982456140351,0.07017543859649122,0.0,0.0,1.0,0.0,0.0,0.0,0.0,0.0,0.0,1.0,0.0,0.0,1.0
3.8771929824561404,0.0,4.728070175438597,0.0,0.03508771929824561,0.0,0.0,0.0,0.0,0.0,0.0,0.0,0.0,0.0,0.0,0.0,0.3508771929824561,0.0,0.0,0.0,0.0,0.0,0.0,0.14035087719298245,0.0,0.0,0.0,0.0,0.0,0.0,0.0,0.0,0.0,0.0,0.0,0.0,10.008771929824562,0.0,0.0,0.0,0.0,0.0,0.0,0.0,0.008771929824561403,0.0,0.0,0.0,0.06140350877192982,0.0,0.0,0.0,0.0,0.7192982456140351,0.07017543859649122,0.0,0.0,1.0,0.0,0.0,0.0,0.0,0.0,0.0,1.0,0.0,0.0,1.0
3.8771929824561404,0.0,4.728070175438597,0.0,0.03508771929824561,0.0,0.0,0.0,0.0,0.0,0.0,0.0,0.0,0.0,0.0,0.0,0.3508771929824561,0.0,0.0,0.0,0.0,0.0,0.0,0.14035087719298245,0.0,0.0,0.0,0.0,0.0,0.0,0.0,0.0,0.0,0.0,0.0,0.0,10.008771929824562,0.0,0.0,0.0,0.0,0.0,0.0,0.0,0.008771929824561403,0.0,0.0,0.0,0.06140350877192982,0.0,0.0,0.0,0.0,0.7192982456140351,0.07017543859649122,0.0,0.0,1.0,0.0,0.0,0.0,0.0,0.0,0.0,1.0,0.0,0.0,1.0
3.8771929824561404,0.0,4.728070175438597,0.0,0.03508771929824561,0.0,0.0,0.0,0.0,0.0,0.0,0.0,0.0,0.0,0.0,0.0,0.3508771929824561,0.0,0.0,0.0,0.0,0.0,0.0,0.14035087719298245,0.0,0.0,0.0,0.0,0.0,0.0,0.0,0.0,0.0,0.0,0.0,0.0,10.008771929824562,0.0,0.0,0.0,0.0,0.0,0.0,0.0,0.008771929824561403,0.0,0.0,0.0,0.06140350877192982,0.0,0.0,0.0,0.0,0.7192982456140351,0.07017543859649122,0.0,0.0,1.0,0.0,0.0,0.0,0.0,0.0,0.0,1.0,0.0,0.0,1.0
3.8771929824561404,0.0,4.728070175438597,0.0,0.03508771929824561,0.0,0.0,0.0,0.0,0.0,0.0,0.0,0.0,0.0,0.0,0.0,0.3508771929824561,0.0,0.0,0.0,0.0,0.0,0.0,0.14035087719298245,0.0,0.0,0.0,0.0,0.0,0.0,0.0,0.0,0.0,0.0,0.0,0.0,10.008771929824562,0.0,0.0,0.0,0.0,0.0,0.0,0.0,0.008771929824561403,0.0,0.0,0.0,0.06140350877192982,0.0,0.0,0.0,0.0,0.7192982456140351,0.07017543859649122,0.0,0.0,1.0,0.0,0.0,0.0,0.0,0.0,0.0,1.0,0.0,0.0,1.0
3.8771929824561404,0.0,4.728070175438597,0.0,0.03508771929824561,0.0,0.0,0.0,0.0,0.0,0.0,0.0,0.0,0.0,0.0,0.0,0.3508771929824561,0.0,0.0,0.0,0.0,0.0,0.0,0.14035087719298245,0.0,0.0,0.0,0.0,0.0,0.0,0.0,0.0,0.0,0.0,0.0,0.0,10.008771929824562,0.0,0.0,0.0,0.0,0.0,0.0,0.0,0.008771929824561403,0.0,0.0,0.0,0.06140350877192982,0.0,0.0,0.0,0.0,0.7192982456140351,0.07017543859649122,0.0,0.0,1.0,0.0,0.0,0.0,0.0,0.0,0.0,1.0,0.0,0.0,1.0
3.8771929824561404,0.0,4.728070175438597,0.0,0.03508771929824561,0.0,0.0,0.0,0.0,0.0,0.0,0.0,0.0,0.0,0.0,0.0,0.3508771929824561,0.0,0.0,0.0,0.0,0.0,0.0,0.14035087719298245,0.0,0.0,0.0,0.0,0.0,0.0,0.0,0.0,0.0,0.0,0.0,0.0,10.008771929824562,0.0,0.0,0.0,0.0,0.0,0.0,0.0,0.008771929824561403,0.0,0.0,0.0,0.06140350877192982,0.0,0.0,0.0,0.0,0.7192982456140351,0.07017543859649122,0.0,0.0,1.0,0.0,0.0,0.0,0.0,0.0,0.0,1.0,0.0,0.0,1.0
3.8771929824561404,0.0,4.728070175438597,0.0,0.03508771929824561,0.0,0.0,0.0,0.0,0.0,0.0,0.0,0.0,0.0,0.0,0.0,0.3508771929824561,0.0,0.0,0.0,0.0,0.0,0.0,0.14035087719298245,0.0,0.0,0.0,0.0,0.0,0.0,0.0,0.0,0.0,0.0,0.0,0.0,10.008771929824562,0.0,0.0,0.0,0.0,0.0,0.0,0.0,0.008771929824561403,0.0,0.0,0.0,0.06140350877192982,0.0,0.0,0.0,0.0,0.7192982456140351,0.07017543859649122,0.0,0.0,1.0,0.0,0.0,0.0,0.0,0.0,0.0,1.0,0.0,0.0,1.0
3.8771929824561404,0.0,4.728070175438597,0.0,0.03508771929824561,0.0,0.0,0.0,0.0,0.0,0.0,0.0,0.0,0.0,0.0,0.0,0.3508771929824561,0.0,0.0,0.0,0.0,0.0,0.0,0.14035087719298245,0.0,0.0,0.0,0.0,0.0,0.0,0.0,0.0,0.0,0.0,0.0,0.0,10.008771929824562,0.0,0.0,0.0,0.0,0.0,0.0,0.0,0.008771929824561403,0.0,0.0,0.0,0.06140350877192982,0.0,0.0,0.0,0.0,0.7192982456140351,0.07017543859649122,0.0,0.0,1.0,0.0,0.0,0.0,0.0,0.0,0.0,1.0,0.0,0.0,1.0
3.8771929824561404,0.0,4.728070175438597,0.0,0.03508771929824561,0.0,0.0,0.0,0.0,0.0,0.0,0.0,0.0,0.0,0.0,0.0,0.3508771929824561,0.0,0.0,0.0,0.0,0.0,0.0,0.14035087719298245,0.0,0.0,0.0,0.0,0.0,0.0,0.0,0.0,0.0,0.0,0.0,0.0,10.008771929824562,0.0,0.0,0.0,0.0,0.0,0.0,0.0,0.008771929824561403,0.0,0.0,0.0,0.06140350877192982,0.0,0.0,0.0,0.0,0.7192982456140351,0.07017543859649122,0.0,0.0,1.0,0.0,0.0,0.0,0.0,0.0,0.0,1.0,0.0,0.0,1.0
3.8771929824561404,0.0,4.728070175438597,0.0,0.03508771929824561,0.0,0.0,0.0,0.0,0.0,0.0,0.0,0.0,0.0,0.0,0.0,0.3508771929824561,0.0,0.0,0.0,0.0,0.0,0.0,0.14035087719298245,0.0,0.0,0.0,0.0,0.0,0.0,0.0,0.0,0.0,0.0,0.0,0.0,10.008771929824562,0.0,0.0,0.0,0.0,0.0,0.0,0.0,0.008771929824561403,0.0,0.0,0.0,0.06140350877192982,0.0,0.0,0.0,0.0,0.7192982456140351,0.07017543859649122,0.0,0.0,1.0,0.0,0.0,0.0,0.0,0.0,0.0,1.0,0.0,0.0,1.0
3.8771929824561404,0.0,4.728070175438597,0.0,0.03508771929824561,0.0,0.0,0.0,0.0,0.0,0.0,0.0,0.0,0.0,0.0,0.0,0.3508771929824561,0.0,0.0,0.0,0.0,0.0,0.0,0.14035087719298245,0.0,0.0,0.0,0.0,0.0,0.0,0.0,0.0,0.0,0.0,0.0,0.0,10.008771929824562,0.0,0.0,0.0,0.0,0.0,0.0,0.0,0.008771929824561403,0.0,0.0,0.0,0.06140350877192982,0.0,0.0,0.0,0.0,0.7192982456140351,0.07017543859649122,0.0,0.0,1.0,0.0,0.0,0.0,0.0,0.0,0.0,1.0,0.0,0.0,1.0
3.8771929824561404,0.0,4.728070175438597,0.0,0.03508771929824561,0.0,0.0,0.0,0.0,0.0,0.0,0.0,0.0,0.0,0.0,0.0,0.3508771929824561,0.0,0.0,0.0,0.0,0.0,0.0,0.14035087719298245,0.0,0.0,0.0,0.0,0.0,0.0,0.0,0.0,0.0,0.0,0.0,0.0,10.008771929824562,0.0,0.0,0.0,0.0,0.0,0.0,0.0,0.008771929824561403,0.0,0.0,0.0,0.06140350877192982,0.0,0.0,0.0,0.0,0.7192982456140351,0.07017543859649122,0.0,0.0,1.0,0.0,0.0,0.0,0.0,0.0,0.0,1.0,0.0,0.0,1.0
3.8771929824561404,0.0,4.728070175438597,0.0,0.03508771929824561,0.0,0.0,0.0,0.0,0.0,0.0,0.0,0.0,0.0,0.0,0.0,0.3508771929824561,0.0,0.0,0.0,0.0,0.0,0.0,0.14035087719298245,0.0,0.0,0.0,0.0,0.0,0.0,0.0,0.0,0.0,0.0,0.0,0.0,10.008771929824562,0.0,0.0,0.0,0.0,0.0,0.0,0.0,0.008771929824561403,0.0,0.0,0.0,0.06140350877192982,0.0,0.0,0.0,0.0,0.7192982456140351,0.07017543859649122,0.0,0.0,1.0,0.0,0.0,0.0,0.0,0.0,0.0,1.0,0.0,0.0,1.0
3.8771929824561404,0.0,4.728070175438597,0.0,0.03508771929824561,0.0,0.0,0.0,0.0,0.0,0.0,0.0,0.0,0.0,0.0,0.0,0.3508771929824561,0.0,0.0,0.0,0.0,0.0,0.0,0.14035087719298245,0.0,0.0,0.0,0.0,0.0,0.0,0.0,0.0,0.0,0.0,0.0,0.0,10.008771929824562,0.0,0.0,0.0,0.0,0.0,0.0,0.0,0.008771929824561403,0.0,0.0,0.0,0.06140350877192982,0.0,0.0,0.0,0.0,0.7192982456140351,0.07017543859649122,0.0,0.0,1.0,0.0,0.0,0.0,0.0,0.0,0.0,1.0,0.0,0.0,1.0
3.8771929824561404,0.0,4.728070175438597,0.0,0.03508771929824561,0.0,0.0,0.0,0.0,0.0,0.0,0.0,0.0,0.0,0.0,0.0,0.3508771929824561,0.0,0.0,0.0,0.0,0.0,0.0,0.14035087719298245,0.0,0.0,0.0,0.0,0.0,0.0,0.0,0.0,0.0,0.0,0.0,0.0,10.008771929824562,0.0,0.0,0.0,0.0,0.0,0.0,0.0,0.008771929824561403,0.0,0.0,0.0,0.06140350877192982,0.0,0.0,0.0,0.0,0.7192982456140351,0.07017543859649122,0.0,0.0,1.0,0.0,0.0,0.0,0.0,0.0,0.0,1.0,0.0,0.0,1.0
3.8771929824561404,0.0,4.728070175438597,0.0,0.03508771929824561,0.0,0.0,0.0,0.0,0.0,0.0,0.0,0.0,0.0,0.0,0.0,0.3508771929824561,0.0,0.0,0.0,0.0,0.0,0.0,0.14035087719298245,0.0,0.0,0.0,0.0,0.0,0.0,0.0,0.0,0.0,0.0,0.0,0.0,10.008771929824562,0.0,0.0,0.0,0.0,0.0,0.0,0.0,0.008771929824561403,0.0,0.0,0.0,0.06140350877192982,0.0,0.0,0.0,0.0,0.7192982456140351,0.07017543859649122,0.0,0.0,1.0,0.0,0.0,0.0,0.0,0.0,0.0,1.0,0.0,0.0,1.0
3.8771929824561404,0.0,4.728070175438597,0.0,0.03508771929824561,0.0,0.0,0.0,0.0,0.0,0.0,0.0,0.0,0.0,0.0,0.0,0.3508771929824561,0.0,0.0,0.0,0.0,0.0,0.0,0.14035087719298245,0.0,0.0,0.0,0.0,0.0,0.0,0.0,0.0,0.0,0.0,0.0,0.0,10.008771929824562,0.0,0.0,0.0,0.0,0.0,0.0,0.0,0.008771929824561403,0.0,0.0,0.0,0.06140350877192982,0.0,0.0,0.0,0.0,0.7192982456140351,0.07017543859649122,0.0,0.0,1.0,0.0,0.0,0.0,0.0,0.0,0.0,1.0,0.0,0.0,1.0
3.8771929824561404,0.0,4.728070175438597,0.0,0.03508771929824561,0.0,0.0,0.0,0.0,0.0,0.0,0.0,0.0,0.0,0.0,0.0,0.3508771929824561,0.0,0.0,0.0,0.0,0.0,0.0,0.14035087719298245,0.0,0.0,0.0,0.0,0.0,0.0,0.0,0.0,0.0,0.0,0.0,0.0,10.008771929824562,0.0,0.0,0.0,0.0,0.0,0.0,0.0,0.008771929824561403,0.0,0.0,0.0,0.06140350877192982,0.0,0.0,0.0,0.0,0.7192982456140351,0.07017543859649122,0.0,1.0,0.0,0.0,0.0,1.0,0.0,1.0,0.0,0.0,0.0,0.0,0.0
3.8771929824561404,0.0,4.728070175438597,0.0,0.03508771929824561,0.0,0.0,0.0,0.0,0.0,0.0,0.0,0.0,0.0,0.0,0.0,0.3508771929824561,0.0,0.0,0.0,0.0,0.0,0.0,0.14035087719298245,0.0,0.0,0.0,0.0,0.0,0.0,0.0,0.0,0.0,0.0,0.0,0.0,10.008771929824562,0.0,0.0,0.0,0.0,0.0,0.0,0.0,0.008771929824561403,0.0,0.0,0.0,0.06140350877192982,0.0,0.0,0.0,0.0,0.7192982456140351,0.07017543859649122,0.0,1.0,0.0,0.0,0.0,1.0,0.0,1.0,0.0,0.0,0.0,0.0,0.0
3.8771929824561404,0.0,4.728070175438597,0.0,0.03508771929824561,0.0,0.0,0.0,0.0,0.0,0.0,0.0,0.0,0.0,0.0,0.0,0.3508771929824561,0.0,0.0,0.0,0.0,0.0,0.0,0.14035087719298245,0.0,0.0,0.0,0.0,0.0,0.0,0.0,0.0,0.0,0.0,0.0,0.0,10.008771929824562,0.0,0.0,0.0,0.0,0.0,0.0,0.0,0.008771929824561403,0.0,0.0,0.0,0.06140350877192982,0.0,0.0,0.0,0.0,0.7192982456140351,0.07017543859649122,0.0,1.0,0.0,0.0,0.0,1.0,0.0,1.0,0.0,0.0,0.0,0.0,0.0
3.8771929824561404,0.0,4.728070175438597,0.0,0.03508771929824561,0.0,0.0,0.0,0.0,0.0,0.0,0.0,0.0,0.0,0.0,0.0,0.3508771929824561,0.0,0.0,0.0,0.0,0.0,0.0,0.14035087719298245,0.0,0.0,0.0,0.0,0.0,0.0,0.0,0.0,0.0,0.0,0.0,0.0,10.008771929824562,0.0,0.0,0.0,0.0,0.0,0.0,0.0,0.008771929824561403,0.0,0.0,0.0,0.06140350877192982,0.0,0.0,0.0,0.0,0.7192982456140351,0.07017543859649122,0.0,1.0,0.0,0.0,0.0,1.0,0.0,1.0,0.0,0.0,0.0,0.0,0.0
3.8771929824561404,0.0,4.728070175438597,0.0,0.03508771929824561,0.0,0.0,0.0,0.0,0.0,0.0,0.0,0.0,0.0,0.0,0.0,0.3508771929824561,0.0,0.0,0.0,0.0,0.0,0.0,0.14035087719298245,0.0,0.0,0.0,0.0,0.0,0.0,0.0,0.0,0.0,0.0,0.0,0.0,10.008771929824562,0.0,0.0,0.0,0.0,0.0,0.0,0.0,0.008771929824561403,0.0,0.0,0.0,0.06140350877192982,0.0,0.0,0.0,0.0,0.7192982456140351,0.07017543859649122,0.0,1.0,0.0,0.0,0.0,1.0,0.0,1.0,0.0,0.0,0.0,0.0,0.0
3.8771929824561404,0.0,4.728070175438597,0.0,0.03508771929824561,0.0,0.0,0.0,0.0,0.0,0.0,0.0,0.0,0.0,0.0,0.0,0.3508771929824561,0.0,0.0,0.0,0.0,0.0,0.0,0.14035087719298245,0.0,0.0,0.0,0.0,0.0,0.0,0.0,0.0,0.0,0.0,0.0,0.0,10.008771929824562,0.0,0.0,0.0,0.0,0.0,0.0,0.0,0.008771929824561403,0.0,0.0,0.0,0.06140350877192982,0.0,0.0,0.0,0.0,0.7192982456140351,0.07017543859649122,0.0,1.0,0.0,0.0,0.0,1.0,0.0,1.0,0.0,0.0,0.0,0.0,0.0
3.8771929824561404,0.0,4.728070175438597,0.0,0.03508771929824561,0.0,0.0,0.0,0.0,0.0,0.0,0.0,0.0,0.0,0.0,0.0,0.3508771929824561,0.0,0.0,0.0,0.0,0.0,0.0,0.14035087719298245,0.0,0.0,0.0,0.0,0.0,0.0,0.0,0.0,0.0,0.0,0.0,0.0,10.008771929824562,0.0,0.0,0.0,0.0,0.0,0.0,0.0,0.008771929824561403,0.0,0.0,0.0,0.06140350877192982,0.0,0.0,0.0,0.0,0.7192982456140351,0.07017543859649122,0.0,1.0,0.0,0.0,0.0,1.0,0.0,1.0,0.0,0.0,0.0,0.0,0.0
3.8771929824561404,0.0,4.728070175438597,0.0,0.03508771929824561,0.0,0.0,0.0,0.0,0.0,0.0,0.0,0.0,0.0,0.0,0.0,0.3508771929824561,0.0,0.0,0.0,0.0,0.0,0.0,0.14035087719298245,0.0,0.0,0.0,0.0,0.0,0.0,0.0,0.0,0.0,0.0,0.0,0.0,10.008771929824562,0.0,0.0,0.0,0.0,0.0,0.0,0.0,0.008771929824561403,0.0,0.0,0.0,0.06140350877192982,0.0,0.0,0.0,0.0,0.7192982456140351,0.07017543859649122,0.0,1.0,0.0,0.0,0.0,1.0,0.0,1.0,0.0,0.0,0.0,0.0,0.0
3.8771929824561404,0.0,4.728070175438597,0.0,0.03508771929824561,0.0,0.0,0.0,0.0,0.0,0.0,0.0,0.0,0.0,0.0,0.0,0.3508771929824561,0.0,0.0,0.0,0.0,0.0,0.0,0.14035087719298245,0.0,0.0,0.0,0.0,0.0,0.0,0.0,0.0,0.0,0.0,0.0,0.0,10.008771929824562,0.0,0.0,0.0,0.0,0.0,0.0,0.0,0.008771929824561403,0.0,0.0,0.0,0.06140350877192982,0.0,0.0,0.0,0.0,0.7192982456140351,0.07017543859649122,0.0,1.0,0.0,0.0,0.0,1.0,0.0,1.0,0.0,0.0,0.0,0.0,0.0
3.8771929824561404,0.0,4.728070175438597,0.0,0.03508771929824561,0.0,0.0,0.0,0.0,0.0,0.0,0.0,0.0,0.0,0.0,0.0,0.3508771929824561,0.0,0.0,0.0,0.0,0.0,0.0,0.14035087719298245,0.0,0.0,0.0,0.0,0.0,0.0,0.0,0.0,0.0,0.0,0.0,0.0,10.008771929824562,0.0,0.0,0.0,0.0,0.0,0.0,0.0,0.008771929824561403,0.0,0.0,0.0,0.06140350877192982,0.0,0.0,0.0,0.0,0.7192982456140351,0.07017543859649122,0.0,1.0,0.0,0.0,0.0,1.0,0.0,1.0,0.0,0.0,0.0,0.0,0.0
3.8771929824561404,0.0,4.728070175438597,0.0,0.03508771929824561,0.0,0.0,0.0,0.0,0.0,0.0,0.0,0.0,0.0,0.0,0.0,0.3508771929824561,0.0,0.0,0.0,0.0,0.0,0.0,0.14035087719298245,0.0,0.0,0.0,0.0,0.0,0.0,0.0,0.0,0.0,0.0,0.0,0.0,10.008771929824562,0.0,0.0,0.0,0.0,0.0,0.0,0.0,0.008771929824561403,0.0,0.0,0.0,0.06140350877192982,0.0,0.0,0.0,0.0,0.7192982456140351,0.07017543859649122,0.0,1.0,0.0,0.0,0.0,1.0,0.0,0.0,0.0,0.0,0.0,0.0,0.0
3.8771929824561404,0.0,4.728070175438597,0.0,0.03508771929824561,0.0,0.0,0.0,0.0,0.0,0.0,0.0,0.0,0.0,0.0,0.0,0.3508771929824561,0.0,0.0,0.0,0.0,0.0,0.0,0.14035087719298245,0.0,0.0,0.0,0.0,0.0,0.0,0.0,0.0,0.0,0.0,0.0,0.0,10.008771929824562,0.0,0.0,0.0,0.0,0.0,0.0,0.0,0.008771929824561403,0.0,0.0,0.0,0.06140350877192982,0.0,0.0,0.0,0.0,0.7192982456140351,0.07017543859649122,0.0,0.0,1.0,0.0,0.0,0.0,0.0,0.0,0.0,1.0,0.0,0.0,1.0
3.8771929824561404,0.0,4.728070175438597,0.0,0.03508771929824561,0.0,0.0,0.0,0.0,0.0,0.0,0.0,0.0,0.0,0.0,0.0,0.3508771929824561,0.0,0.0,0.0,0.0,0.0,0.0,0.14035087719298245,0.0,0.0,0.0,0.0,0.0,0.0,0.0,0.0,0.0,0.0,0.0,0.0,10.008771929824562,0.0,0.0,0.0,0.0,0.0,0.0,0.0,0.008771929824561403,0.0,0.0,0.0,0.06140350877192982,0.0,0.0,0.0,0.0,0.7192982456140351,0.07017543859649122,0.0,1.0,0.0,0.0,0.0,1.0,0.0,0.0,0.0,0.0,0.0,0.0,0.0
3.8771929824561404,0.0,4.728070175438597,0.0,0.03508771929824561,0.0,0.0,0.0,0.0,0.0,0.0,0.0,0.0,0.0,0.0,0.0,0.3508771929824561,0.0,0.0,0.0,0.0,0.0,0.0,0.14035087719298245,0.0,0.0,0.0,0.0,0.0,0.0,0.0,0.0,0.0,0.0,0.0,0.0,10.008771929824562,0.0,0.0,0.0,0.0,0.0,0.0,0.0,0.008771929824561403,0.0,0.0,0.0,0.06140350877192982,0.0,0.0,0.0,0.0,0.7192982456140351,0.07017543859649122,0.0,1.0,0.0,0.0,0.0,1.0,0.0,0.0,0.0,0.0,0.0,0.0,0.0
3.8771929824561404,0.0,4.728070175438597,0.0,0.03508771929824561,0.0,0.0,0.0,0.0,0.0,0.0,0.0,0.0,0.0,0.0,0.0,0.3508771929824561,0.0,0.0,0.0,0.0,0.0,0.0,0.14035087719298245,0.0,0.0,0.0,0.0,0.0,0.0,0.0,0.0,0.0,0.0,0.0,0.0,10.008771929824562,0.0,0.0,0.0,0.0,0.0,0.0,0.0,0.008771929824561403,0.0,0.0,0.0,0.06140350877192982,0.0,0.0,0.0,0.0,0.7192982456140351,0.07017543859649122,0.0,1.0,0.0,0.0,0.0,1.0,0.0,0.0,0.0,0.0,0.0,0.0,0.0
3.8771929824561404,0.0,4.728070175438597,0.0,0.03508771929824561,0.0,0.0,0.0,0.0,0.0,0.0,0.0,0.0,0.0,0.0,0.0,0.3508771929824561,0.0,0.0,0.0,0.0,0.0,0.0,0.14035087719298245,0.0,0.0,0.0,0.0,0.0,0.0,0.0,0.0,0.0,0.0,0.0,0.0,10.008771929824562,0.0,0.0,0.0,0.0,0.0,0.0,0.0,0.008771929824561403,0.0,0.0,0.0,0.06140350877192982,0.0,0.0,0.0,0.0,0.7192982456140351,0.07017543859649122,0.0,1.0,0.0,0.0,0.0,1.0,0.0,0.0,0.0,0.0,0.0,0.0,0.0
3.8771929824561404,0.0,4.728070175438597,0.0,0.03508771929824561,0.0,0.0,0.0,0.0,0.0,0.0,0.0,0.0,0.0,0.0,0.0,0.3508771929824561,0.0,0.0,0.0,0.0,0.0,0.0,0.14035087719298245,0.0,0.0,0.0,0.0,0.0,0.0,0.0,0.0,0.0,0.0,0.0,0.0,10.008771929824562,0.0,0.0,0.0,0.0,0.0,0.0,0.0,0.008771929824561403,0.0,0.0,0.0,0.06140350877192982,0.0,0.0,0.0,0.0,0.7192982456140351,0.07017543859649122,0.0,1.0,0.0,0.0,0.0,1.0,0.0,0.0,0.0,0.0,0.0,0.0,0.0
3.8771929824561404,0.0,4.728070175438597,0.0,0.03508771929824561,0.0,0.0,0.0,0.0,0.0,0.0,0.0,0.0,0.0,0.0,0.0,0.3508771929824561,0.0,0.0,0.0,0.0,0.0,0.0,0.14035087719298245,0.0,0.0,0.0,0.0,0.0,0.0,0.0,0.0,0.0,0.0,0.0,0.0,10.008771929824562,0.0,0.0,0.0,0.0,0.0,0.0,0.0,0.008771929824561403,0.0,0.0,0.0,0.06140350877192982,0.0,0.0,0.0,0.0,0.7192982456140351,0.07017543859649122,0.0,1.0,0.0,0.0,0.0,1.0,0.0,0.0,0.0,0.0,0.0,0.0,0.0
3.8771929824561404,0.0,4.728070175438597,0.0,0.03508771929824561,0.0,0.0,0.0,0.0,0.0,0.0,0.0,0.0,0.0,0.0,0.0,0.3508771929824561,0.0,0.0,0.0,0.0,0.0,0.0,0.14035087719298245,0.0,0.0,0.0,0.0,0.0,0.0,0.0,0.0,0.0,0.0,0.0,0.0,10.008771929824562,0.0,0.0,0.0,0.0,0.0,0.0,0.0,0.008771929824561403,0.0,0.0,0.0,0.06140350877192982,0.0,0.0,0.0,0.0,0.7192982456140351,0.07017543859649122,0.0,1.0,0.0,0.0,0.0,1.0,0.0,0.0,0.0,0.0,0.0,0.0,0.0
3.8771929824561404,0.0,4.728070175438597,0.0,0.03508771929824561,0.0,0.0,0.0,0.0,0.0,0.0,0.0,0.0,0.0,0.0,0.0,0.3508771929824561,0.0,0.0,0.0,0.0,0.0,0.0,0.14035087719298245,0.0,0.0,0.0,0.0,0.0,0.0,0.0,0.0,0.0,0.0,0.0,0.0,10.008771929824562,0.0,0.0,0.0,0.0,0.0,0.0,0.0,0.008771929824561403,0.0,0.0,0.0,0.06140350877192982,0.0,0.0,0.0,0.0,0.7192982456140351,0.07017543859649122,0.0,1.0,0.0,0.0,0.0,1.0,0.0,0.0,0.0,0.0,0.0,0.0,0.0
3.8771929824561404,0.0,4.728070175438597,0.0,0.03508771929824561,0.0,0.0,0.0,0.0,0.0,0.0,0.0,0.0,0.0,0.0,0.0,0.3508771929824561,0.0,0.0,0.0,0.0,0.0,0.0,0.14035087719298245,0.0,0.0,0.0,0.0,0.0,0.0,0.0,0.0,0.0,0.0,0.0,0.0,10.008771929824562,0.0,0.0,0.0,0.0,0.0,0.0,0.0,0.008771929824561403,0.0,0.0,0.0,0.06140350877192982,0.0,0.0,0.0,0.0,0.7192982456140351,0.07017543859649122,0.0,1.0,0.0,0.0,0.0,1.0,0.0,0.0,0.0,0.0,0.0,0.0,0.0
3.8771929824561404,0.0,4.728070175438597,0.0,0.03508771929824561,0.0,0.0,0.0,0.0,0.0,0.0,0.0,0.0,0.0,0.0,0.0,0.3508771929824561,0.0,0.0,0.0,0.0,0.0,0.0,0.14035087719298245,0.0,0.0,0.0,0.0,0.0,0.0,0.0,0.0,0.0,0.0,0.0,0.0,10.008771929824562,0.0,0.0,0.0,0.0,0.0,0.0,0.0,0.008771929824561403,0.0,0.0,0.0,0.06140350877192982,0.0,0.0,0.0,0.0,0.7192982456140351,0.07017543859649122,0.0,1.0,0.0,0.0,0.0,1.0,0.0,0.0,0.0,0.0,0.0,0.0,0.0
3.8771929824561404,0.0,4.728070175438597,0.0,0.03508771929824561,0.0,0.0,0.0,0.0,0.0,0.0,0.0,0.0,0.0,0.0,0.0,0.3508771929824561,0.0,0.0,0.0,0.0,0.0,0.0,0.14035087719298245,0.0,0.0,0.0,0.0,0.0,0.0,0.0,0.0,0.0,0.0,0.0,0.0,10.008771929824562,0.0,0.0,0.0,0.0,0.0,0.0,0.0,0.008771929824561403,0.0,0.0,0.0,0.06140350877192982,0.0,0.0,0.0,0.0,0.7192982456140351,0.07017543859649122,0.0,1.0,0.0,0.0,0.0,1.0,0.0,0.0,0.0,0.0,0.0,0.0,0.0
3.8771929824561404,0.0,4.728070175438597,0.0,0.03508771929824561,0.0,0.0,0.0,0.0,0.0,0.0,0.0,0.0,0.0,0.0,0.0,0.3508771929824561,0.0,0.0,0.0,0.0,0.0,0.0,0.14035087719298245,0.0,0.0,0.0,0.0,0.0,0.0,0.0,0.0,0.0,0.0,0.0,0.0,10.008771929824562,0.0,0.0,0.0,0.0,0.0,0.0,0.0,0.008771929824561403,0.0,0.0,0.0,0.06140350877192982,0.0,0.0,0.0,0.0,0.7192982456140351,0.07017543859649122,0.0,1.0,0.0,0.0,0.0,1.0,0.0,0.0,0.0,0.0,0.0,0.0,0.0
3.8771929824561404,0.0,4.728070175438597,0.0,0.03508771929824561,0.0,0.0,0.0,0.0,0.0,0.0,0.0,0.0,0.0,0.0,0.0,0.3508771929824561,0.0,0.0,0.0,0.0,0.0,0.0,0.14035087719298245,0.0,0.0,0.0,0.0,0.0,0.0,0.0,0.0,0.0,0.0,0.0,0.0,10.008771929824562,0.0,0.0,0.0,0.0,0.0,0.0,0.0,0.008771929824561403,0.0,0.0,0.0,0.06140350877192982,0.0,0.0,0.0,0.0,0.7192982456140351,0.07017543859649122,0.0,1.0,0.0,0.0,0.0,1.0,0.0,0.0,0.0,0.0,0.0,0.0,0.0
3.8771929824561404,0.0,4.728070175438597,0.0,0.03508771929824561,0.0,0.0,0.0,0.0,0.0,0.0,0.0,0.0,0.0,0.0,0.0,0.3508771929824561,0.0,0.0,0.0,0.0,0.0,0.0,0.14035087719298245,0.0,0.0,0.0,0.0,0.0,0.0,0.0,0.0,0.0,0.0,0.0,0.0,10.008771929824562,0.0,0.0,0.0,0.0,0.0,0.0,0.0,0.008771929824561403,0.0,0.0,0.0,0.06140350877192982,0.0,0.0,0.0,0.0,0.7192982456140351,0.07017543859649122,0.0,1.0,0.0,0.0,0.0,1.0,0.0,0.0,0.0,0.0,0.0,0.0,0.0
3.8771929824561404,0.0,4.728070175438597,0.0,0.03508771929824561,0.0,0.0,0.0,0.0,0.0,0.0,0.0,0.0,0.0,0.0,0.0,0.3508771929824561,0.0,0.0,0.0,0.0,0.0,0.0,0.14035087719298245,0.0,0.0,0.0,0.0,0.0,0.0,0.0,0.0,0.0,0.0,0.0,0.0,10.008771929824562,0.0,0.0,0.0,0.0,0.0,0.0,0.0,0.008771929824561403,0.0,0.0,0.0,0.06140350877192982,0.0,0.0,0.0,0.0,0.7192982456140351,0.07017543859649122,0.0,1.0,0.0,0.0,0.0,1.0,0.0,0.0,0.0,0.0,0.0,0.0,0.0
3.8771929824561404,0.0,4.728070175438597,0.0,0.03508771929824561,0.0,0.0,0.0,0.0,0.0,0.0,0.0,0.0,0.0,0.0,0.0,0.3508771929824561,0.0,0.0,0.0,0.0,0.0,0.0,0.14035087719298245,0.0,0.0,0.0,0.0,0.0,0.0,0.0,0.0,0.0,0.0,0.0,0.0,10.008771929824562,0.0,0.0,0.0,0.0,0.0,0.0,0.0,0.008771929824561403,0.0,0.0,0.0,0.06140350877192982,0.0,0.0,0.0,0.0,0.7192982456140351,0.07017543859649122,0.0,1.0,0.0,0.0,0.0,1.0,0.0,0.0,0.0,0.0,0.0,0.0,0.0
3.8771929824561404,0.0,4.728070175438597,0.0,0.03508771929824561,0.0,0.0,0.0,0.0,0.0,0.0,0.0,0.0,0.0,0.0,0.0,0.3508771929824561,0.0,0.0,0.0,0.0,0.0,0.0,0.14035087719298245,0.0,0.0,0.0,0.0,0.0,0.0,0.0,0.0,0.0,0.0,0.0,0.0,10.008771929824562,0.0,0.0,0.0,0.0,0.0,0.0,0.0,0.008771929824561403,0.0,0.0,0.0,0.06140350877192982,0.0,0.0,0.0,0.0,0.7192982456140351,0.07017543859649122,0.0,1.0,0.0,0.0,0.0,1.0,0.0,0.0,0.0,0.0,0.0,0.0,0.0
3.8771929824561404,0.0,4.728070175438597,0.0,0.03508771929824561,0.0,0.0,0.0,0.0,0.0,0.0,0.0,0.0,0.0,0.0,0.0,0.3508771929824561,0.0,0.0,0.0,0.0,0.0,0.0,0.14035087719298245,0.0,0.0,0.0,0.0,0.0,0.0,0.0,0.0,0.0,0.0,0.0,0.0,10.008771929824562,0.0,0.0,0.0,0.0,0.0,0.0,0.0,0.008771929824561403,0.0,0.0,0.0,0.06140350877192982,0.0,0.0,0.0,0.0,0.7192982456140351,0.07017543859649122,0.0,1.0,0.0,0.0,0.0,1.0,0.0,0.0,0.0,0.0,0.0,0.0,0.0
3.8771929824561404,0.0,4.728070175438597,0.0,0.03508771929824561,0.0,0.0,0.0,0.0,0.0,0.0,0.0,0.0,0.0,0.0,0.0,0.3508771929824561,0.0,0.0,0.0,0.0,0.0,0.0,0.14035087719298245,0.0,0.0,0.0,0.0,0.0,0.0,0.0,0.0,0.0,0.0,0.0,0.0,10.008771929824562,0.0,0.0,0.0,0.0,0.0,0.0,0.0,0.008771929824561403,0.0,0.0,0.0,0.06140350877192982,0.0,0.0,0.0,0.0,0.7192982456140351,0.07017543859649122,0.0,1.0,0.0,0.0,0.0,1.0,0.0,0.0,0.0,0.0,0.0,0.0,0.0
3.8771929824561404,0.0,4.728070175438597,0.0,0.03508771929824561,0.0,0.0,0.0,0.0,0.0,0.0,0.0,0.0,0.0,0.0,0.0,0.3508771929824561,0.0,0.0,0.0,0.0,0.0,0.0,0.14035087719298245,0.0,0.0,0.0,0.0,0.0,0.0,0.0,0.0,0.0,0.0,0.0,0.0,10.008771929824562,0.0,0.0,0.0,0.0,0.0,0.0,0.0,0.008771929824561403,0.0,0.0,0.0,0.06140350877192982,0.0,0.0,0.0,0.0,0.7192982456140351,0.07017543859649122,0.0,1.0,0.0,0.0,0.0,1.0,0.0,0.0,0.0,0.0,0.0,0.0,0.0
3.8771929824561404,0.0,4.728070175438597,0.0,0.03508771929824561,0.0,0.0,0.0,0.0,0.0,0.0,0.0,0.0,0.0,0.0,0.0,0.3508771929824561,0.0,0.0,0.0,0.0,0.0,0.0,0.14035087719298245,0.0,0.0,0.0,0.0,0.0,0.0,0.0,0.0,0.0,0.0,0.0,0.0,10.008771929824562,0.0,0.0,0.0,0.0,0.0,0.0,0.0,0.008771929824561403,0.0,0.0,0.0,0.06140350877192982,0.0,0.0,0.0,0.0,0.7192982456140351,0.07017543859649122,0.0,1.0,0.0,0.0,0.0,1.0,0.0,0.0,0.0,0.0,0.0,0.0,0.0
3.8771929824561404,0.0,4.728070175438597,0.0,0.03508771929824561,0.0,0.0,0.0,0.0,0.0,0.0,0.0,0.0,0.0,0.0,0.0,0.3508771929824561,0.0,0.0,0.0,0.0,0.0,0.0,0.14035087719298245,0.0,0.0,0.0,0.0,0.0,0.0,0.0,0.0,0.0,0.0,0.0,0.0,10.008771929824562,0.0,0.0,0.0,0.0,0.0,0.0,0.0,0.008771929824561403,0.0,0.0,0.0,0.06140350877192982,0.0,0.0,0.0,0.0,0.7192982456140351,0.07017543859649122,0.0,1.0,0.0,0.0,0.0,1.0,0.0,0.0,0.0,0.0,0.0,0.0,0.0
3.8771929824561404,0.0,4.728070175438597,0.0,0.03508771929824561,0.0,0.0,0.0,0.0,0.0,0.0,0.0,0.0,0.0,0.0,0.0,0.3508771929824561,0.0,0.0,0.0,0.0,0.0,0.0,0.14035087719298245,0.0,0.0,0.0,0.0,0.0,0.0,0.0,0.0,0.0,0.0,0.0,0.0,10.008771929824562,0.0,0.0,0.0,0.0,0.0,0.0,0.0,0.008771929824561403,0.0,0.0,0.0,0.06140350877192982,0.0,0.0,0.0,0.0,0.7192982456140351,0.07017543859649122,0.0,1.0,0.0,0.0,0.0,1.0,0.0,0.0,0.0,0.0,0.0,0.0,0.0
3.8771929824561404,0.0,4.728070175438597,0.0,0.03508771929824561,0.0,0.0,0.0,0.0,0.0,0.0,0.0,0.0,0.0,0.0,0.0,0.3508771929824561,0.0,0.0,0.0,0.0,0.0,0.0,0.14035087719298245,0.0,0.0,0.0,0.0,0.0,0.0,0.0,0.0,0.0,0.0,0.0,0.0,10.008771929824562,0.0,0.0,0.0,0.0,0.0,0.0,0.0,0.008771929824561403,0.0,0.0,0.0,0.06140350877192982,0.0,0.0,0.0,0.0,0.7192982456140351,0.07017543859649122,0.0,1.0,0.0,0.0,0.0,1.0,0.0,0.0,0.0,0.0,0.0,0.0,0.0
3.8771929824561404,0.0,4.728070175438597,0.0,0.03508771929824561,0.0,0.0,0.0,0.0,0.0,0.0,0.0,0.0,0.0,0.0,0.0,0.3508771929824561,0.0,0.0,0.0,0.0,0.0,0.0,0.14035087719298245,0.0,0.0,0.0,0.0,0.0,0.0,0.0,0.0,0.0,0.0,0.0,0.0,10.008771929824562,0.0,0.0,0.0,0.0,0.0,0.0,0.0,0.008771929824561403,0.0,0.0,0.0,0.06140350877192982,0.0,0.0,0.0,0.0,0.7192982456140351,0.07017543859649122,0.0,1.0,0.0,0.0,0.0,1.0,0.0,0.0,0.0,0.0,0.0,0.0,0.0
3.8771929824561404,0.0,4.728070175438597,0.0,0.03508771929824561,0.0,0.0,0.0,0.0,0.0,0.0,0.0,0.0,0.0,0.0,0.0,0.3508771929824561,0.0,0.0,0.0,0.0,0.0,0.0,0.14035087719298245,0.0,0.0,0.0,0.0,0.0,0.0,0.0,0.0,0.0,0.0,0.0,0.0,10.008771929824562,0.0,0.0,0.0,0.0,0.0,0.0,0.0,0.008771929824561403,0.0,0.0,0.0,0.06140350877192982,0.0,0.0,0.0,0.0,0.7192982456140351,0.07017543859649122,0.0,1.0,0.0,0.0,0.0,1.0,0.0,0.0,0.0,0.0,0.0,0.0,0.0
3.8771929824561404,0.0,4.728070175438597,0.0,0.03508771929824561,0.0,0.0,0.0,0.0,0.0,0.0,0.0,0.0,0.0,0.0,0.0,0.3508771929824561,0.0,0.0,0.0,0.0,0.0,0.0,0.14035087719298245,0.0,0.0,0.0,0.0,0.0,0.0,0.0,0.0,0.0,0.0,0.0,0.0,10.008771929824562,0.0,0.0,0.0,0.0,0.0,0.0,0.0,0.008771929824561403,0.0,0.0,0.0,0.06140350877192982,0.0,0.0,0.0,0.0,0.7192982456140351,0.07017543859649122,0.0,1.0,0.0,0.0,0.0,1.0,0.0,0.0,0.0,0.0,0.0,0.0,0.0
3.8771929824561404,0.0,4.728070175438597,0.0,0.03508771929824561,0.0,0.0,0.0,0.0,0.0,0.0,0.0,0.0,0.0,0.0,0.0,0.3508771929824561,0.0,0.0,0.0,0.0,0.0,0.0,0.14035087719298245,0.0,0.0,0.0,0.0,0.0,0.0,0.0,0.0,0.0,0.0,0.0,0.0,10.008771929824562,0.0,0.0,0.0,0.0,0.0,0.0,0.0,0.008771929824561403,0.0,0.0,0.0,0.06140350877192982,0.0,0.0,0.0,0.0,0.7192982456140351,0.07017543859649122,0.0,1.0,0.0,0.0,0.0,1.0,0.0,0.0,0.0,0.0,0.0,0.0,0.0
3.8771929824561404,0.0,4.728070175438597,0.0,0.03508771929824561,0.0,0.0,0.0,0.0,0.0,0.0,0.0,0.0,0.0,0.0,0.0,0.3508771929824561,0.0,0.0,0.0,0.0,0.0,0.0,0.14035087719298245,0.0,0.0,0.0,0.0,0.0,0.0,0.0,0.0,0.0,0.0,0.0,0.0,10.008771929824562,0.0,0.0,0.0,0.0,0.0,0.0,0.0,0.008771929824561403,0.0,0.0,0.0,0.06140350877192982,0.0,0.0,0.0,0.0,0.7192982456140351,0.07017543859649122,0.0,1.0,0.0,0.0,0.0,1.0,0.0,0.0,0.0,0.0,0.0,0.0,0.0
3.8771929824561404,0.0,4.728070175438597,0.0,0.03508771929824561,0.0,0.0,0.0,0.0,0.0,0.0,0.0,0.0,0.0,0.0,0.0,0.3508771929824561,0.0,0.0,0.0,0.0,0.0,0.0,0.14035087719298245,0.0,0.0,0.0,0.0,0.0,0.0,0.0,0.0,0.0,0.0,0.0,0.0,10.008771929824562,0.0,0.0,0.0,0.0,0.0,0.0,0.0,0.008771929824561403,0.0,0.0,0.0,0.06140350877192982,0.0,0.0,0.0,0.0,0.7192982456140351,0.07017543859649122,0.0,1.0,0.0,0.0,0.0,1.0,0.0,0.0,0.0,0.0,0.0,0.0,0.0
3.8771929824561404,0.0,4.728070175438597,0.0,0.03508771929824561,0.0,0.0,0.0,0.0,0.0,0.0,0.0,0.0,0.0,0.0,0.0,0.3508771929824561,0.0,0.0,0.0,0.0,0.0,0.0,0.14035087719298245,0.0,0.0,0.0,0.0,0.0,0.0,0.0,0.0,0.0,0.0,0.0,0.0,10.008771929824562,0.0,0.0,0.0,0.0,0.0,0.0,0.0,0.008771929824561403,0.0,0.0,0.0,0.06140350877192982,0.0,0.0,0.0,0.0,0.7192982456140351,0.07017543859649122,0.0,1.0,0.0,0.0,0.0,1.0,0.0,0.0,0.0,0.0,0.0,0.0,0.0
3.8771929824561404,0.0,4.728070175438597,0.0,0.03508771929824561,0.0,0.0,0.0,0.0,0.0,0.0,0.0,0.0,0.0,0.0,0.0,0.3508771929824561,0.0,0.0,0.0,0.0,0.0,0.0,0.14035087719298245,0.0,0.0,0.0,0.0,0.0,0.0,0.0,0.0,0.0,0.0,0.0,0.0,10.008771929824562,0.0,0.0,0.0,0.0,0.0,0.0,0.0,0.008771929824561403,0.0,0.0,0.0,0.06140350877192982,0.0,0.0,0.0,0.0,0.7192982456140351,0.07017543859649122,0.0,1.0,0.0,0.0,0.0,1.0,0.0,0.0,0.0,0.0,0.0,0.0,0.0
3.8771929824561404,0.0,4.728070175438597,0.0,0.03508771929824561,0.0,0.0,0.0,0.0,0.0,0.0,0.0,0.0,0.0,0.0,0.0,0.3508771929824561,0.0,0.0,0.0,0.0,0.0,0.0,0.14035087719298245,0.0,0.0,0.0,0.0,0.0,0.0,0.0,0.0,0.0,0.0,0.0,0.0,10.008771929824562,0.0,0.0,0.0,0.0,0.0,0.0,0.0,0.008771929824561403,0.0,0.0,0.0,0.06140350877192982,0.0,0.0,0.0,0.0,0.7192982456140351,0.07017543859649122,0.0,1.0,0.0,0.0,0.0,1.0,0.0,0.0,0.0,0.0,0.0,0.0,0.0
3.8771929824561404,0.0,4.728070175438597,0.0,0.03508771929824561,0.0,0.0,0.0,0.0,0.0,0.0,0.0,0.0,0.0,0.0,0.0,0.3508771929824561,0.0,0.0,0.0,0.0,0.0,0.0,0.14035087719298245,0.0,0.0,0.0,0.0,0.0,0.0,0.0,0.0,0.0,0.0,0.0,0.0,10.008771929824562,0.0,0.0,0.0,0.0,0.0,0.0,0.0,0.008771929824561403,0.0,0.0,0.0,0.06140350877192982,0.0,0.0,0.0,0.0,0.7192982456140351,0.07017543859649122,0.0,1.0,0.0,0.0,0.0,1.0,0.0,0.0,0.0,0.0,0.0,0.0,0.0
3.8771929824561404,0.0,4.728070175438597,0.0,0.03508771929824561,0.0,0.0,0.0,0.0,0.0,0.0,0.0,0.0,0.0,0.0,0.0,0.3508771929824561,0.0,0.0,0.0,0.0,0.0,0.0,0.14035087719298245,0.0,0.0,0.0,0.0,0.0,0.0,0.0,0.0,0.0,0.0,0.0,0.0,10.008771929824562,0.0,0.0,0.0,0.0,0.0,0.0,0.0,0.008771929824561403,0.0,0.0,0.0,0.06140350877192982,0.0,0.0,0.0,0.0,0.7192982456140351,0.07017543859649122,0.0,1.0,0.0,0.0,0.0,1.0,0.0,0.0,0.0,0.0,0.0,0.0,0.0
3.8771929824561404,0.0,4.728070175438597,0.0,0.03508771929824561,0.0,0.0,0.0,0.0,0.0,0.0,0.0,0.0,0.0,0.0,0.0,0.3508771929824561,0.0,0.0,0.0,0.0,0.0,0.0,0.14035087719298245,0.0,0.0,0.0,0.0,0.0,0.0,0.0,0.0,0.0,0.0,0.0,0.0,10.008771929824562,0.0,0.0,0.0,0.0,0.0,0.0,0.0,0.008771929824561403,0.0,0.0,0.0,0.06140350877192982,0.0,0.0,0.0,0.0,0.7192982456140351,0.07017543859649122,0.0,1.0,0.0,0.0,0.0,1.0,0.0,0.0,0.0,0.0,0.0,0.0,0.0
3.8771929824561404,0.0,4.728070175438597,0.0,0.03508771929824561,0.0,0.0,0.0,0.0,0.0,0.0,0.0,0.0,0.0,0.0,0.0,0.3508771929824561,0.0,0.0,0.0,0.0,0.0,0.0,0.14035087719298245,0.0,0.0,0.0,0.0,0.0,0.0,0.0,0.0,0.0,0.0,0.0,0.0,10.008771929824562,0.0,0.0,0.0,0.0,0.0,0.0,0.0,0.008771929824561403,0.0,0.0,0.0,0.06140350877192982,0.0,0.0,0.0,0.0,0.7192982456140351,0.07017543859649122,0.0,1.0,0.0,0.0,0.0,1.0,0.0,0.0,0.0,0.0,0.0,0.0,0.0
3.8771929824561404,0.0,4.728070175438597,0.0,0.03508771929824561,0.0,0.0,0.0,0.0,0.0,0.0,0.0,0.0,0.0,0.0,0.0,0.3508771929824561,0.0,0.0,0.0,0.0,0.0,0.0,0.14035087719298245,0.0,0.0,0.0,0.0,0.0,0.0,0.0,0.0,0.0,0.0,0.0,0.0,10.008771929824562,0.0,0.0,0.0,0.0,0.0,0.0,0.0,0.008771929824561403,0.0,0.0,0.0,0.06140350877192982,0.0,0.0,0.0,0.0,0.7192982456140351,0.07017543859649122,0.0,1.0,0.0,0.0,0.0,1.0,0.0,0.0,0.0,0.0,0.0,0.0,0.0
3.8771929824561404,0.0,4.728070175438597,0.0,0.03508771929824561,0.0,0.0,0.0,0.0,0.0,0.0,0.0,0.0,0.0,0.0,0.0,0.3508771929824561,0.0,0.0,0.0,0.0,0.0,0.0,0.14035087719298245,0.0,0.0,0.0,0.0,0.0,0.0,0.0,0.0,0.0,0.0,0.0,0.0,10.008771929824562,0.0,0.0,0.0,0.0,0.0,0.0,0.0,0.008771929824561403,0.0,0.0,0.0,0.06140350877192982,0.0,0.0,0.0,0.0,0.7192982456140351,0.07017543859649122,0.0,1.0,0.0,0.0,0.0,1.0,0.0,0.0,0.0,0.0,0.0,0.0,0.0
3.8771929824561404,0.0,4.728070175438597,0.0,0.03508771929824561,0.0,0.0,0.0,0.0,0.0,0.0,0.0,0.0,0.0,0.0,0.0,0.3508771929824561,0.0,0.0,0.0,0.0,0.0,0.0,0.14035087719298245,0.0,0.0,0.0,0.0,0.0,0.0,0.0,0.0,0.0,0.0,0.0,0.0,10.008771929824562,0.0,0.0,0.0,0.0,0.0,0.0,0.0,0.008771929824561403,0.0,0.0,0.0,0.06140350877192982,0.0,0.0,0.0,0.0,0.7192982456140351,0.07017543859649122,0.0,1.0,0.0,0.0,0.0,1.0,0.0,0.0,0.0,0.0,0.0,0.0,0.0
3.8771929824561404,0.0,4.728070175438597,0.0,0.03508771929824561,0.0,0.0,0.0,0.0,0.0,0.0,0.0,0.0,0.0,0.0,0.0,0.3508771929824561,0.0,0.0,0.0,0.0,0.0,0.0,0.14035087719298245,0.0,0.0,0.0,0.0,0.0,0.0,0.0,0.0,0.0,0.0,0.0,0.0,10.008771929824562,0.0,0.0,0.0,0.0,0.0,0.0,0.0,0.008771929824561403,0.0,0.0,0.0,0.06140350877192982,0.0,0.0,0.0,0.0,0.7192982456140351,0.07017543859649122,0.0,1.0,0.0,0.0,0.0,1.0,0.0,0.0,0.0,0.0,0.0,0.0,0.0
3.8771929824561404,0.0,4.728070175438597,0.0,0.03508771929824561,0.0,0.0,0.0,0.0,0.0,0.0,0.0,0.0,0.0,0.0,0.0,0.3508771929824561,0.0,0.0,0.0,0.0,0.0,0.0,0.14035087719298245,0.0,0.0,0.0,0.0,0.0,0.0,0.0,0.0,0.0,0.0,0.0,0.0,10.008771929824562,0.0,0.0,0.0,0.0,0.0,0.0,0.0,0.008771929824561403,0.0,0.0,0.0,0.06140350877192982,0.0,0.0,0.0,0.0,0.7192982456140351,0.07017543859649122,0.0,1.0,0.0,0.0,0.0,1.0,0.0,0.0,0.0,0.0,0.0,0.0,0.0
3.8771929824561404,0.0,4.728070175438597,0.0,0.03508771929824561,0.0,0.0,0.0,0.0,0.0,0.0,0.0,0.0,0.0,0.0,0.0,0.3508771929824561,0.0,0.0,0.0,0.0,0.0,0.0,0.14035087719298245,0.0,0.0,0.0,0.0,0.0,0.0,0.0,0.0,0.0,0.0,0.0,0.0,10.008771929824562,0.0,0.0,0.0,0.0,0.0,0.0,0.0,0.008771929824561403,0.0,0.0,0.0,0.06140350877192982,0.0,0.0,0.0,0.0,0.7192982456140351,0.07017543859649122,0.0,1.0,0.0,0.0,0.0,1.0,0.0,0.0,0.0,0.0,0.0,0.0,0.0
3.8771929824561404,0.0,4.728070175438597,0.0,0.03508771929824561,0.0,0.0,0.0,0.0,0.0,0.0,0.0,0.0,0.0,0.0,0.0,0.3508771929824561,0.0,0.0,0.0,0.0,0.0,0.0,0.14035087719298245,0.0,0.0,0.0,0.0,0.0,0.0,0.0,0.0,0.0,0.0,0.0,0.0,10.008771929824562,0.0,0.0,0.0,0.0,0.0,0.0,0.0,0.008771929824561403,0.0,0.0,0.0,0.06140350877192982,0.0,0.0,0.0,0.0,0.7192982456140351,0.07017543859649122,0.0,1.0,0.0,0.0,0.0,1.0,0.0,0.0,0.0,0.0,0.0,0.0,0.0
3.8771929824561404,0.0,4.728070175438597,0.0,0.03508771929824561,0.0,0.0,0.0,0.0,0.0,0.0,0.0,0.0,0.0,0.0,0.0,0.3508771929824561,0.0,0.0,0.0,0.0,0.0,0.0,0.14035087719298245,0.0,0.0,0.0,0.0,0.0,0.0,0.0,0.0,0.0,0.0,0.0,0.0,10.008771929824562,0.0,0.0,0.0,0.0,0.0,0.0,0.0,0.008771929824561403,0.0,0.0,0.0,0.06140350877192982,0.0,0.0,0.0,0.0,0.7192982456140351,0.07017543859649122,0.0,1.0,0.0,0.0,0.0,1.0,0.0,0.0,0.0,0.0,0.0,0.0,0.0
3.8771929824561404,0.0,4.728070175438597,0.0,0.03508771929824561,0.0,0.0,0.0,0.0,0.0,0.0,0.0,0.0,0.0,0.0,0.0,0.3508771929824561,0.0,0.0,0.0,0.0,0.0,0.0,0.14035087719298245,0.0,0.0,0.0,0.0,0.0,0.0,0.0,0.0,0.0,0.0,0.0,0.0,10.008771929824562,0.0,0.0,0.0,0.0,0.0,0.0,0.0,0.008771929824561403,0.0,0.0,0.0,0.06140350877192982,0.0,0.0,0.0,0.0,0.7192982456140351,0.07017543859649122,0.0,1.0,0.0,0.0,0.0,1.0,0.0,0.0,0.0,0.0,0.0,0.0,0.0
3.8771929824561404,0.0,4.728070175438597,0.0,0.03508771929824561,0.0,0.0,0.0,0.0,0.0,0.0,0.0,0.0,0.0,0.0,0.0,0.3508771929824561,0.0,0.0,0.0,0.0,0.0,0.0,0.14035087719298245,0.0,0.0,0.0,0.0,0.0,0.0,0.0,0.0,0.0,0.0,0.0,0.0,10.008771929824562,0.0,0.0,0.0,0.0,0.0,0.0,0.0,0.008771929824561403,0.0,0.0,0.0,0.06140350877192982,0.0,0.0,0.0,0.0,0.7192982456140351,0.07017543859649122,0.0,1.0,0.0,0.0,0.0,1.0,0.0,0.0,0.0,0.0,0.0,0.0,0.0
3.8771929824561404,0.0,4.728070175438597,0.0,0.03508771929824561,0.0,0.0,0.0,0.0,0.0,0.0,0.0,0.0,0.0,0.0,0.0,0.3508771929824561,0.0,0.0,0.0,0.0,0.0,0.0,0.14035087719298245,0.0,0.0,0.0,0.0,0.0,0.0,0.0,0.0,0.0,0.0,0.0,0.0,10.008771929824562,0.0,0.0,0.0,0.0,0.0,0.0,0.0,0.008771929824561403,0.0,0.0,0.0,0.06140350877192982,0.0,0.0,0.0,0.0,0.7192982456140351,0.07017543859649122,0.0,1.0,0.0,0.0,0.0,1.0,0.0,0.0,0.0,0.0,0.0,0.0,0.0
3.8771929824561404,0.0,4.728070175438597,0.0,0.03508771929824561,0.0,0.0,0.0,0.0,0.0,0.0,0.0,0.0,0.0,0.0,0.0,0.3508771929824561,0.0,0.0,0.0,0.0,0.0,0.0,0.14035087719298245,0.0,0.0,0.0,0.0,0.0,0.0,0.0,0.0,0.0,0.0,0.0,0.0,10.008771929824562,0.0,0.0,0.0,0.0,0.0,0.0,0.0,0.008771929824561403,0.0,0.0,0.0,0.06140350877192982,0.0,0.0,0.0,0.0,0.7192982456140351,0.07017543859649122,0.0,1.0,0.0,0.0,0.0,1.0,0.0,0.0,0.0,0.0,0.0,0.0,0.0
3.8771929824561404,0.0,4.728070175438597,0.0,0.03508771929824561,0.0,0.0,0.0,0.0,0.0,0.0,0.0,0.0,0.0,0.0,0.0,0.3508771929824561,0.0,0.0,0.0,0.0,0.0,0.0,0.14035087719298245,0.0,0.0,0.0,0.0,0.0,0.0,0.0,0.0,0.0,0.0,0.0,0.0,10.008771929824562,0.0,0.0,0.0,0.0,0.0,0.0,0.0,0.008771929824561403,0.0,0.0,0.0,0.06140350877192982,0.0,0.0,0.0,0.0,0.7192982456140351,0.07017543859649122,0.0,1.0,0.0,0.0,0.0,1.0,0.0,0.0,0.0,0.0,0.0,0.0,0.0
3.8771929824561404,0.0,4.728070175438597,0.0,0.03508771929824561,0.0,0.0,0.0,0.0,0.0,0.0,0.0,0.0,0.0,0.0,0.0,0.3508771929824561,0.0,0.0,0.0,0.0,0.0,0.0,0.14035087719298245,0.0,0.0,0.0,0.0,0.0,0.0,0.0,0.0,0.0,0.0,0.0,0.0,10.008771929824562,0.0,0.0,0.0,0.0,0.0,0.0,0.0,0.008771929824561403,0.0,0.0,0.0,0.06140350877192982,0.0,0.0,0.0,0.0,0.7192982456140351,0.07017543859649122,0.0,1.0,0.0,0.0,0.0,1.0,0.0,0.0,0.0,0.0,0.0,0.0,0.0
3.8771929824561404,0.0,4.728070175438597,0.0,0.03508771929824561,0.0,0.0,0.0,0.0,0.0,0.0,0.0,0.0,0.0,0.0,0.0,0.3508771929824561,0.0,0.0,0.0,0.0,0.0,0.0,0.14035087719298245,0.0,0.0,0.0,0.0,0.0,0.0,0.0,0.0,0.0,0.0,0.0,0.0,10.008771929824562,0.0,0.0,0.0,0.0,0.0,0.0,0.0,0.008771929824561403,0.0,0.0,0.0,0.06140350877192982,0.0,0.0,0.0,0.0,0.7192982456140351,0.07017543859649122,0.0,1.0,0.0,0.0,0.0,1.0,0.0,0.0,0.0,0.0,0.0,0.0,0.0
3.8771929824561404,0.0,4.728070175438597,0.0,0.03508771929824561,0.0,0.0,0.0,0.0,0.0,0.0,0.0,0.0,0.0,0.0,0.0,0.3508771929824561,0.0,0.0,0.0,0.0,0.0,0.0,0.14035087719298245,0.0,0.0,0.0,0.0,0.0,0.0,0.0,0.0,0.0,0.0,0.0,0.0,10.008771929824562,0.0,0.0,0.0,0.0,0.0,0.0,0.0,0.008771929824561403,0.0,0.0,0.0,0.06140350877192982,0.0,0.0,0.0,0.0,0.7192982456140351,0.07017543859649122,0.0,1.0,0.0,0.0,0.0,1.0,0.0,0.0,0.0,0.0,0.0,0.0,0.0
3.8771929824561404,0.0,4.728070175438597,0.0,0.03508771929824561,0.0,0.0,0.0,0.0,0.0,0.0,0.0,0.0,0.0,0.0,0.0,0.3508771929824561,0.0,0.0,0.0,0.0,0.0,0.0,0.14035087719298245,0.0,0.0,0.0,0.0,0.0,0.0,0.0,0.0,0.0,0.0,0.0,0.0,10.008771929824562,0.0,0.0,0.0,0.0,0.0,0.0,0.0,0.008771929824561403,0.0,0.0,0.0,0.06140350877192982,0.0,0.0,0.0,0.0,0.7192982456140351,0.07017543859649122,0.0,1.0,0.0,0.0,0.0,1.0,0.0,0.0,0.0,0.0,0.0,0.0,0.0
3.8771929824561404,0.0,4.728070175438597,0.0,0.03508771929824561,0.0,0.0,0.0,0.0,0.0,0.0,0.0,0.0,0.0,0.0,0.0,0.3508771929824561,0.0,0.0,0.0,0.0,0.0,0.0,0.14035087719298245,0.0,0.0,0.0,0.0,0.0,0.0,0.0,0.0,0.0,0.0,0.0,0.0,10.008771929824562,0.0,0.0,0.0,0.0,0.0,0.0,0.0,0.008771929824561403,0.0,0.0,0.0,0.06140350877192982,0.0,0.0,0.0,0.0,0.7192982456140351,0.07017543859649122,0.0,1.0,0.0,0.0,0.0,1.0,0.0,0.0,0.0,0.0,0.0,0.0,0.0
3.8771929824561404,0.0,4.728070175438597,0.0,0.03508771929824561,0.0,0.0,0.0,0.0,0.0,0.0,0.0,0.0,0.0,0.0,0.0,0.3508771929824561,0.0,0.0,0.0,0.0,0.0,0.0,0.14035087719298245,0.0,0.0,0.0,0.0,0.0,0.0,0.0,0.0,0.0,0.0,0.0,0.0,10.008771929824562,0.0,0.0,0.0,0.0,0.0,0.0,0.0,0.008771929824561403,0.0,0.0,0.0,0.06140350877192982,0.0,0.0,0.0,0.0,0.7192982456140351,0.07017543859649122,0.0,1.0,0.0,0.0,0.0,1.0,0.0,0.0,0.0,0.0,0.0,0.0,0.0
3.8771929824561404,0.0,4.728070175438597,0.0,0.03508771929824561,0.0,0.0,0.0,0.0,0.0,0.0,0.0,0.0,0.0,0.0,0.0,0.3508771929824561,0.0,0.0,0.0,0.0,0.0,0.0,0.14035087719298245,0.0,0.0,0.0,0.0,0.0,0.0,0.0,0.0,0.0,0.0,0.0,0.0,10.008771929824562,0.0,0.0,0.0,0.0,0.0,0.0,0.0,0.008771929824561403,0.0,0.0,0.0,0.06140350877192982,0.0,0.0,0.0,0.0,0.7192982456140351,0.07017543859649122,0.0,1.0,0.0,0.0,0.0,1.0,0.0,0.0,0.0,0.0,0.0,0.0,0.0
3.8771929824561404,0.0,4.728070175438597,0.0,0.03508771929824561,0.0,0.0,0.0,0.0,0.0,0.0,0.0,0.0,0.0,0.0,0.0,0.3508771929824561,0.0,0.0,0.0,0.0,0.0,0.0,0.14035087719298245,0.0,0.0,0.0,0.0,0.0,0.0,0.0,0.0,0.0,0.0,0.0,0.0,10.008771929824562,0.0,0.0,0.0,0.0,0.0,0.0,0.0,0.008771929824561403,0.0,0.0,0.0,0.06140350877192982,0.0,0.0,0.0,0.0,0.7192982456140351,0.07017543859649122,0.0,1.0,0.0,0.0,0.0,1.0,0.0,0.0,0.0,0.0,0.0,0.0,0.0
3.8771929824561404,0.0,4.728070175438597,0.0,0.03508771929824561,0.0,0.0,0.0,0.0,0.0,0.0,0.0,0.0,0.0,0.0,0.0,0.3508771929824561,0.0,0.0,0.0,0.0,0.0,0.0,0.14035087719298245,0.0,0.0,0.0,0.0,0.0,0.0,0.0,0.0,0.0,0.0,0.0,0.0,10.008771929824562,0.0,0.0,0.0,0.0,0.0,0.0,0.0,0.008771929824561403,0.0,0.0,0.0,0.06140350877192982,0.0,0.0,0.0,0.0,0.7192982456140351,0.07017543859649122,0.0,1.0,0.0,0.0,0.0,1.0,0.0,0.0,0.0,0.0,0.0,0.0,0.0
3.8771929824561404,0.0,4.728070175438597,0.0,0.03508771929824561,0.0,0.0,0.0,0.0,0.0,0.0,0.0,0.0,0.0,0.0,0.0,0.3508771929824561,0.0,0.0,0.0,0.0,0.0,0.0,0.14035087719298245,0.0,0.0,0.0,0.0,0.0,0.0,0.0,0.0,0.0,0.0,0.0,0.0,10.008771929824562,0.0,0.0,0.0,0.0,0.0,0.0,0.0,0.008771929824561403,0.0,0.0,0.0,0.06140350877192982,0.0,0.0,0.0,0.0,0.7192982456140351,0.07017543859649122,0.0,1.0,0.0,0.0,0.0,1.0,0.0,0.0,0.0,0.0,0.0,0.0,0.0
3.8771929824561404,0.0,4.728070175438597,0.0,0.03508771929824561,0.0,0.0,0.0,0.0,0.0,0.0,0.0,0.0,0.0,0.0,0.0,0.3508771929824561,0.0,0.0,0.0,0.0,0.0,0.0,0.14035087719298245,0.0,0.0,0.0,0.0,0.0,0.0,0.0,0.0,0.0,0.0,0.0,0.0,10.008771929824562,0.0,0.0,0.0,0.0,0.0,0.0,0.0,0.008771929824561403,0.0,0.0,0.0,0.06140350877192982,0.0,0.0,0.0,0.0,0.7192982456140351,0.07017543859649122,0.0,1.0,0.0,0.0,0.0,1.0,0.0,0.0,0.0,0.0,0.0,0.0,0.0
3.8771929824561404,0.0,4.728070175438597,0.0,0.03508771929824561,0.0,0.0,0.0,0.0,0.0,0.0,0.0,0.0,0.0,0.0,0.0,0.3508771929824561,0.0,0.0,0.0,0.0,0.0,0.0,0.14035087719298245,0.0,0.0,0.0,0.0,0.0,0.0,0.0,0.0,0.0,0.0,0.0,0.0,10.008771929824562,0.0,0.0,0.0,0.0,0.0,0.0,0.0,0.008771929824561403,0.0,0.0,0.0,0.06140350877192982,0.0,0.0,0.0,0.0,0.7192982456140351,0.07017543859649122,0.0,1.0,0.0,0.0,0.0,1.0,0.0,0.0,0.0,0.0,0.0,0.0,0.0
3.8771929824561404,0.0,4.728070175438597,0.0,0.03508771929824561,0.0,0.0,0.0,0.0,0.0,0.0,0.0,0.0,0.0,0.0,0.0,0.3508771929824561,0.0,0.0,0.0,0.0,0.0,0.0,0.14035087719298245,0.0,0.0,0.0,0.0,0.0,0.0,0.0,0.0,0.0,0.0,0.0,0.0,10.008771929824562,0.0,0.0,0.0,0.0,0.0,0.0,0.0,0.008771929824561403,0.0,0.0,0.0,0.06140350877192982,0.0,0.0,0.0,0.0,0.7192982456140351,0.07017543859649122,0.0,1.0,0.0,0.0,0.0,1.0,0.0,0.0,0.0,0.0,0.0,0.0,0.0
3.8771929824561404,0.0,4.728070175438597,0.0,0.03508771929824561,0.0,0.0,0.0,0.0,0.0,0.0,0.0,0.0,0.0,0.0,0.0,0.3508771929824561,0.0,0.0,0.0,0.0,0.0,0.0,0.14035087719298245,0.0,0.0,0.0,0.0,0.0,0.0,0.0,0.0,0.0,0.0,0.0,0.0,10.008771929824562,0.0,0.0,0.0,0.0,0.0,0.0,0.0,0.008771929824561403,0.0,0.0,0.0,0.06140350877192982,0.0,0.0,0.0,0.0,0.7192982456140351,0.07017543859649122,0.0,1.0,0.0,0.0,0.0,1.0,0.0,0.0,0.0,0.0,0.0,0.0,0.0
3.8771929824561404,0.0,4.728070175438597,0.0,0.03508771929824561,0.0,0.0,0.0,0.0,0.0,0.0,0.0,0.0,0.0,0.0,0.0,0.3508771929824561,0.0,0.0,0.0,0.0,0.0,0.0,0.14035087719298245,0.0,0.0,0.0,0.0,0.0,0.0,0.0,0.0,0.0,0.0,0.0,0.0,10.008771929824562,0.0,0.0,0.0,0.0,0.0,0.0,0.0,0.008771929824561403,0.0,0.0,0.0,0.06140350877192982,0.0,0.0,0.0,0.0,0.7192982456140351,0.07017543859649122,0.0,1.0,0.0,0.0,0.0,1.0,0.0,0.0,0.0,0.0,0.0,0.0,0.0
3.8771929824561404,0.0,4.728070175438597,0.0,0.03508771929824561,0.0,0.0,0.0,0.0,0.0,0.0,0.0,0.0,0.0,0.0,0.0,0.3508771929824561,0.0,0.0,0.0,0.0,0.0,0.0,0.14035087719298245,0.0,0.0,0.0,0.0,0.0,0.0,0.0,0.0,0.0,0.0,0.0,0.0,10.008771929824562,0.0,0.0,0.0,0.0,0.0,0.0,0.0,0.008771929824561403,0.0,0.0,0.0,0.06140350877192982,0.0,0.0,0.0,0.0,0.7192982456140351,0.07017543859649122,0.0,1.0,0.0,0.0,0.0,1.0,0.0,0.0,0.0,0.0,0.0,0.0,0.0
3.8771929824561404,0.0,4.728070175438597,0.0,0.03508771929824561,0.0,0.0,0.0,0.0,0.0,0.0,0.0,0.0,0.0,0.0,0.0,0.3508771929824561,0.0,0.0,0.0,0.0,0.0,0.0,0.14035087719298245,0.0,0.0,0.0,0.0,0.0,0.0,0.0,0.0,0.0,0.0,0.0,0.0,10.008771929824562,0.0,0.0,0.0,0.0,0.0,0.0,0.0,0.008771929824561403,0.0,0.0,0.0,0.06140350877192982,0.0,0.0,0.0,0.0,0.7192982456140351,0.07017543859649122,0.0,1.0,0.0,0.0,0.0,1.0,0.0,0.0,0.0,0.0,0.0,0.0,0.0
3.8771929824561404,0.0,4.728070175438597,0.0,0.03508771929824561,0.0,0.0,0.0,0.0,0.0,0.0,0.0,0.0,0.0,0.0,0.0,0.3508771929824561,0.0,0.0,0.0,0.0,0.0,0.0,0.14035087719298245,0.0,0.0,0.0,0.0,0.0,0.0,0.0,0.0,0.0,0.0,0.0,0.0,10.008771929824562,0.0,0.0,0.0,0.0,0.0,0.0,0.0,0.008771929824561403,0.0,0.0,0.0,0.06140350877192982,0.0,0.0,0.0,0.0,0.7192982456140351,0.07017543859649122,0.0,1.0,0.0,0.0,0.0,1.0,0.0,0.0,0.0,0.0,0.0,0.0,0.0
3.8771929824561404,0.0,4.728070175438597,0.0,0.03508771929824561,0.0,0.0,0.0,0.0,0.0,0.0,0.0,0.0,0.0,0.0,0.0,0.3508771929824561,0.0,0.0,0.0,0.0,0.0,0.0,0.14035087719298245,0.0,0.0,0.0,0.0,0.0,0.0,0.0,0.0,0.0,0.0,0.0,0.0,10.008771929824562,0.0,0.0,0.0,0.0,0.0,0.0,0.0,0.008771929824561403,0.0,0.0,0.0,0.06140350877192982,0.0,0.0,0.0,0.0,0.7192982456140351,0.07017543859649122,0.0,1.0,0.0,0.0,0.0,1.0,0.0,0.0,0.0,0.0,0.0,0.0,0.0
3.8771929824561404,0.0,4.728070175438597,0.0,0.03508771929824561,0.0,0.0,0.0,0.0,0.0,0.0,0.0,0.0,0.0,0.0,0.0,0.3508771929824561,0.0,0.0,0.0,0.0,0.0,0.0,0.14035087719298245,0.0,0.0,0.0,0.0,0.0,0.0,0.0,0.0,0.0,0.0,0.0,0.0,10.008771929824562,0.0,0.0,0.0,0.0,0.0,0.0,0.0,0.008771929824561403,0.0,0.0,0.0,0.06140350877192982,0.0,0.0,0.0,0.0,0.7192982456140351,0.07017543859649122,0.0,1.0,0.0,0.0,0.0,1.0,0.0,0.0,0.0,0.0,0.0,0.0,0.0
3.8771929824561404,0.0,4.728070175438597,0.0,0.03508771929824561,0.0,0.0,0.0,0.0,0.0,0.0,0.0,0.0,0.0,0.0,0.0,0.3508771929824561,0.0,0.0,0.0,0.0,0.0,0.0,0.14035087719298245,0.0,0.0,0.0,0.0,0.0,0.0,0.0,0.0,0.0,0.0,0.0,0.0,10.008771929824562,0.0,0.0,0.0,0.0,0.0,0.0,0.0,0.008771929824561403,0.0,0.0,0.0,0.06140350877192982,0.0,0.0,0.0,0.0,0.7192982456140351,0.07017543859649122,0.0,1.0,0.0,0.0,0.0,1.0,0.0,0.0,0.0,0.0,0.0,0.0,0.0
3.8771929824561404,0.0,4.728070175438597,0.0,0.03508771929824561,0.0,0.0,0.0,0.0,0.0,0.0,0.0,0.0,0.0,0.0,0.0,0.3508771929824561,0.0,0.0,0.0,0.0,0.0,0.0,0.14035087719298245,0.0,0.0,0.0,0.0,0.0,0.0,0.0,0.0,0.0,0.0,0.0,0.0,10.008771929824562,0.0,0.0,0.0,0.0,0.0,0.0,0.0,0.008771929824561403,0.0,0.0,0.0,0.06140350877192982,0.0,0.0,0.0,0.0,0.7192982456140351,0.07017543859649122,0.0,1.0,0.0,0.0,0.0,1.0,0.0,0.0,0.0,0.0,0.0,0.0,0.0
3.8771929824561404,0.0,4.728070175438597,0.0,0.03508771929824561,0.0,0.0,0.0,0.0,0.0,0.0,0.0,0.0,0.0,0.0,0.0,0.3508771929824561,0.0,0.0,0.0,0.0,0.0,0.0,0.14035087719298245,0.0,0.0,0.0,0.0,0.0,0.0,0.0,0.0,0.0,0.0,0.0,0.0,10.008771929824562,0.0,0.0,0.0,0.0,0.0,0.0,0.0,0.008771929824561403,0.0,0.0,0.0,0.06140350877192982,0.0,0.0,0.0,0.0,0.7192982456140351,0.07017543859649122,0.0,1.0,0.0,0.0,0.0,1.0,0.0,0.0,0.0,0.0,0.0,0.0,0.0
3.8771929824561404,0.0,4.728070175438597,0.0,0.03508771929824561,0.0,0.0,0.0,0.0,0.0,0.0,0.0,0.0,0.0,0.0,0.0,0.3508771929824561,0.0,0.0,0.0,0.0,0.0,0.0,0.14035087719298245,0.0,0.0,0.0,0.0,0.0,0.0,0.0,0.0,0.0,0.0,0.0,0.0,10.008771929824562,0.0,0.0,0.0,0.0,0.0,0.0,0.0,0.008771929824561403,0.0,0.0,0.0,0.06140350877192982,0.0,0.0,0.0,0.0,0.7192982456140351,0.07017543859649122,0.0,1.0,0.0,0.0,0.0,1.0,0.0,0.0,0.0,0.0,0.0,0.0,0.0
3.8771929824561404,0.0,4.728070175438597,0.0,0.03508771929824561,0.0,0.0,0.0,0.0,0.0,0.0,0.0,0.0,0.0,0.0,0.0,0.3508771929824561,0.0,0.0,0.0,0.0,0.0,0.0,0.14035087719298245,0.0,0.0,0.0,0.0,0.0,0.0,0.0,0.0,0.0,0.0,0.0,0.0,10.008771929824562,0.0,0.0,0.0,0.0,0.0,0.0,0.0,0.008771929824561403,0.0,0.0,0.0,0.06140350877192982,0.0,0.0,0.0,0.0,0.7192982456140351,0.07017543859649122,0.0,1.0,0.0,0.0,0.0,1.0,0.0,0.0,0.0,0.0,0.0,0.0,0.0
3.8771929824561404,0.0,4.728070175438597,0.0,0.03508771929824561,0.0,0.0,0.0,0.0,0.0,0.0,0.0,0.0,0.0,0.0,0.0,0.3508771929824561,0.0,0.0,0.0,0.0,0.0,0.0,0.14035087719298245,0.0,0.0,0.0,0.0,0.0,0.0,0.0,0.0,0.0,0.0,0.0,0.0,10.008771929824562,0.0,0.0,0.0,0.0,0.0,0.0,0.0,0.008771929824561403,0.0,0.0,0.0,0.06140350877192982,0.0,0.0,0.0,0.0,0.7192982456140351,0.07017543859649122,0.0,1.0,0.0,0.0,0.0,1.0,0.0,0.0,0.0,0.0,0.0,0.0,0.0
3.8771929824561404,0.0,4.728070175438597,0.0,0.03508771929824561,0.0,0.0,0.0,0.0,0.0,0.0,0.0,0.0,0.0,0.0,0.0,0.3508771929824561,0.0,0.0,0.0,0.0,0.0,0.0,0.14035087719298245,0.0,0.0,0.0,0.0,0.0,0.0,0.0,0.0,0.0,0.0,0.0,0.0,10.008771929824562,0.0,0.0,0.0,0.0,0.0,0.0,0.0,0.008771929824561403,0.0,0.0,0.0,0.06140350877192982,0.0,0.0,0.0,0.0,0.7192982456140351,0.07017543859649122,0.0,1.0,0.0,0.0,0.0,1.0,0.0,0.0,0.0,0.0,0.0,0.0,0.0
3.8771929824561404,0.0,4.728070175438597,0.0,0.03508771929824561,0.0,0.0,0.0,0.0,0.0,0.0,0.0,0.0,0.0,0.0,0.0,0.3508771929824561,0.0,0.0,0.0,0.0,0.0,0.0,0.14035087719298245,0.0,0.0,0.0,0.0,0.0,0.0,0.0,0.0,0.0,0.0,0.0,0.0,10.008771929824562,0.0,0.0,0.0,0.0,0.0,0.0,0.0,0.008771929824561403,0.0,0.0,0.0,0.06140350877192982,0.0,0.0,0.0,0.0,0.7192982456140351,0.07017543859649122,0.0,1.0,0.0,0.0,0.0,1.0,0.0,0.0,0.0,0.0,0.0,0.0,0.0
3.8771929824561404,0.0,4.728070175438597,0.0,0.03508771929824561,0.0,0.0,0.0,0.0,0.0,0.0,0.0,0.0,0.0,0.0,0.0,0.3508771929824561,0.0,0.0,0.0,0.0,0.0,0.0,0.14035087719298245,0.0,0.0,0.0,0.0,0.0,0.0,0.0,0.0,0.0,0.0,0.0,0.0,10.008771929824562,0.0,0.0,0.0,0.0,0.0,0.0,0.0,0.008771929824561403,0.0,0.0,0.0,0.06140350877192982,0.0,0.0,0.0,0.0,0.7192982456140351,0.07017543859649122,0.0,1.0,0.0,0.0,0.0,1.0,0.0,0.0,0.0,0.0,0.0,0.0,0.0
